0 This is an inductance picture 
Q 0 1.24177 -0.70661 0.5 1.24177 4.29339 0.5 1.24177 4.29339 0 1.24177 -0.70661 0 
Q 0 2.24177 4.29339 0.5 2.24177 -0.70661 0.5 2.24177 -0.70661 0 2.24177 4.29339 0 
Q 0 1.24177 -0.70661 0.5 2.24177 -0.70661 0.5 2.24177 -0.70661 0 1.24177 -0.70661 0 
Q 0 1.24177 4.29339 0.5 2.24177 4.29339 0.5 2.24177 4.29339 0 1.24177 4.29339 0 
Q 1 2.07231 2.16855 2.5 2.07231 2.16855 -2.5 1.89028 2.32893 -2.5 1.89028 2.32893 2.5 
Q 1 1.41123 1.41823 -2.5 1.41123 1.41823 2.5 1.2292 1.57861 2.5 1.2292 1.57861 -2.5 
Q 1 2.07231 2.16855 2.5 1.41123 1.41823 2.5 1.2292 1.57861 2.5 1.89028 2.32893 2.5 
Q 1 2.07231 2.16855 -2.5 1.41123 1.41823 -2.5 1.2292 1.57861 -2.5 1.89028 2.32893 -2.5 
Q 2 1.85236 2.3592 2.5 1.85236 2.3592 -2.5 1.65564 2.50118 -2.5 1.65564 2.50118 2.5 
Q 2 1.26712 1.54834 -2.5 1.26712 1.54834 2.5 1.0704 1.69032 2.5 1.0704 1.69032 -2.5 
Q 2 1.85236 2.3592 2.5 1.26712 1.54834 2.5 1.0704 1.69032 2.5 1.65564 2.50118 2.5 
Q 2 1.85236 2.3592 -2.5 1.26712 1.54834 -2.5 1.0704 1.69032 -2.5 1.65564 2.50118 -2.5 
Q 3 1.61497 2.52764 2.5 1.61497 2.52764 -2.5 1.40541 2.64988 -2.5 1.40541 2.64988 2.5 
Q 3 1.11107 1.66387 -2.5 1.11107 1.66387 2.5 0.901521 1.78611 2.5 0.901521 1.78611 -2.5 
Q 3 1.61497 2.52764 2.5 1.11107 1.66387 2.5 0.901521 1.78611 2.5 1.40541 2.64988 2.5 
Q 3 1.61497 2.52764 -2.5 1.11107 1.66387 -2.5 0.901521 1.78611 -2.5 1.40541 2.64988 -2.5 
Q 4 1.36236 2.67227 2.5 1.36236 2.67227 -2.5 1.14195 2.77363 -2.5 1.14195 2.77363 2.5 
Q 4 0.944569 1.76373 -2.5 0.944569 1.76373 2.5 0.724153 1.86509 2.5 0.724153 1.86509 -2.5 
Q 4 1.36236 2.67227 2.5 0.944569 1.76373 2.5 0.724153 1.86509 2.5 1.14195 2.77363 2.5 
Q 4 1.36236 2.67227 -2.5 0.944569 1.76373 -2.5 0.724153 1.86509 -2.5 1.14195 2.77363 -2.5 
Q 5 1.09693 2.79174 2.5 1.09693 2.79174 -2.5 0.867732 2.87125 -2.5 0.867732 2.87125 2.5 
Q 5 0.769168 1.84698 -2.5 0.769168 1.84698 2.5 0.539966 1.92649 2.5 0.539966 1.92649 -2.5 
Q 5 1.09693 2.79174 2.5 0.769168 1.84698 2.5 0.539966 1.92649 2.5 0.867732 2.87125 2.5 
Q 5 1.09693 2.79174 -2.5 0.769168 1.84698 -2.5 0.539966 1.92649 -2.5 0.867732 2.87125 -2.5 
Q 6 0.821174 2.88491 2.5 0.821174 2.88491 -2.5 0.585343 2.94184 -2.5 0.585343 2.94184 2.5 
Q 6 0.586524 1.91283 -2.5 0.586524 1.91283 2.5 0.350694 1.96976 2.5 0.350694 1.96976 -2.5 
Q 6 0.821174 2.88491 2.5 0.586524 1.91283 2.5 0.350694 1.96976 2.5 0.585343 2.94184 2.5 
Q 6 0.821174 2.88491 -2.5 0.586524 1.91283 -2.5 0.350694 1.96976 -2.5 0.585343 2.94184 -2.5 
Q 7 0.537681 2.95092 2.5 0.537681 2.95092 -2.5 0.297443 2.98472 -2.5 0.297443 2.98472 2.5 
Q 7 0.398357 1.96068 -2.5 0.398357 1.96068 2.5 0.158119 1.99448 2.5 0.158119 1.99448 -2.5 
Q 7 0.537681 2.95092 2.5 0.398357 1.96068 2.5 0.158119 1.99448 2.5 0.297443 2.98472 2.5 
Q 7 0.537681 2.95092 -2.5 0.398357 1.96068 -2.5 0.158119 1.99448 -2.5 0.297443 2.98472 -2.5 
Q 8 0.249124 2.98915 2.5 0.249124 2.98915 -2.5 0.0067413 2.9995 -2.5 0.0067413 2.9995 2.5 
Q 8 0.206438 1.99006 -2.5 0.206438 1.99006 2.5 -0.0359448 2.00041 2.5 -0.0359448 2.00041 -2.5 
Q 8 0.249124 2.98915 2.5 0.206438 1.99006 2.5 -0.0359448 2.00041 2.5 0.0067413 2.9995 2.5 
Q 8 0.249124 2.98915 -2.5 0.206438 1.99006 -2.5 -0.0359448 2.00041 -2.5 0.0067413 2.9995 -2.5 
Q 9 -0.0417786 2.99922 2.5 -0.0417786 2.99922 -2.5 -0.284024 2.98603 -2.5 -0.284024 2.98603 2.5 
Q 9 0.0125751 2.0007 -2.5 0.0125751 2.0007 2.5 -0.22967 1.98751 2.5 -0.22967 1.98751 -2.5 
Q 9 -0.0417786 2.99922 2.5 0.0125751 2.0007 2.5 -0.22967 1.98751 2.5 -0.284024 2.98603 2.5 
Q 9 -0.0417786 2.99922 -2.5 0.0125751 2.0007 -2.5 -0.22967 1.98751 -2.5 -0.284024 2.98603 -2.5 
Q 10 -0.332288 2.98105 2.5 -0.332288 2.98105 -2.5 -0.572114 2.94444 -2.5 -0.572114 2.94444 2.5 
Q 10 -0.181406 1.9925 -2.5 -0.181406 1.9925 2.5 -0.421232 1.95589 2.5 -0.421232 1.95589 -2.5 
Q 10 -0.332288 2.98105 2.5 -0.181406 1.9925 2.5 -0.421232 1.95589 2.5 -0.572114 2.94444 2.5 
Q 10 -0.332288 2.98105 -2.5 -0.181406 1.9925 -2.5 -0.421232 1.95589 -2.5 -0.572114 2.94444 -2.5 
Q 11 -0.619668 2.9348 2.5 -0.619668 2.9348 -2.5 -0.854817 2.87512 -2.5 -0.854817 2.87512 2.5 
Q 11 -0.373679 1.96553 -2.5 -0.373679 1.96553 2.5 -0.608828 1.90585 2.5 -0.608828 1.90585 -2.5 
Q 11 -0.619668 2.9348 2.5 -0.373679 1.96553 2.5 -0.608828 1.90585 2.5 -0.854817 2.87512 2.5 
Q 11 -0.619668 2.9348 -2.5 -0.373679 1.96553 -2.5 -0.608828 1.90585 -2.5 -0.854817 2.87512 -2.5 
Q 12 -0.901212 2.86092 2.5 -0.901212 2.86092 -2.5 -1.12947 2.77873 -2.5 -1.12947 2.77873 2.5 
Q 12 -0.562433 1.92006 -2.5 -0.562433 1.92006 2.5 -0.79069 1.83787 2.5 -0.79069 1.83787 -2.5 
Q 12 -0.901212 2.86092 2.5 -0.562433 1.92006 2.5 -0.79069 1.83787 2.5 -1.12947 2.77873 2.5 
Q 12 -0.901212 2.86092 -2.5 -0.562433 1.92006 -2.5 -0.79069 1.83787 -2.5 -1.12947 2.77873 -2.5 
Q 13 -1.17427 2.7601 2.5 -1.17427 2.7601 -2.5 -1.39349 2.65617 -2.5 -1.39349 2.65617 2.5 
Q 13 -0.74589 1.8565 -2.5 -0.74589 1.8565 2.5 -0.965107 1.75257 2.5 -0.965107 1.75257 -2.5 
Q 13 -1.17427 2.7601 2.5 -0.74589 1.8565 2.5 -0.965107 1.75257 2.5 -1.39349 2.65617 2.5 
Q 13 -1.17427 2.7601 -2.5 -0.74589 1.8565 -2.5 -0.965107 1.75257 -2.5 -1.39349 2.65617 -2.5 
Q 14 -1.43627 2.63328 2.5 -1.43627 2.63328 -2.5 -1.64438 2.5086 -2.5 -1.64438 2.5086 2.5 
Q 14 -0.922324 1.77546 -2.5 -0.922324 1.77546 2.5 -1.13043 1.65078 2.5 -1.13043 1.65078 -2.5 
Q 14 -1.43627 2.63328 2.5 -0.922324 1.77546 2.5 -1.13043 1.65078 2.5 -1.64438 2.5086 2.5 
Q 14 -1.43627 2.63328 -2.5 -0.922324 1.77546 -2.5 -1.13043 1.65078 -2.5 -1.64438 2.5086 -2.5 
Q 15 -1.68474 2.48167 2.5 -1.68474 2.48167 -2.5 -1.87979 2.3374 -2.5 -1.87979 2.3374 2.5 
Q 15 -1.09007 1.6777 -2.5 -1.09007 1.6777 2.5 -1.28512 1.53343 2.5 -1.28512 1.53343 -2.5 
Q 15 -1.68474 2.48167 2.5 -1.09007 1.6777 2.5 -1.28512 1.53343 2.5 -1.87979 2.3374 2.5 
Q 15 -1.68474 2.48167 -2.5 -1.09007 1.6777 -2.5 -1.28512 1.53343 -2.5 -1.87979 2.3374 -2.5 
Q 16 -1.91735 2.30669 2.5 -1.91735 2.30669 -2.5 -2.0975 2.14419 -2.5 -2.0975 2.14419 2.5 
Q 16 -1.24755 1.56415 -2.5 -1.24755 1.56415 2.5 -1.4277 1.40165 2.5 -1.4277 1.40165 -2.5 
Q 16 -1.91735 2.30669 2.5 -1.24755 1.56415 2.5 -1.4277 1.40165 2.5 -2.0975 2.14419 2.5 
Q 16 -1.91735 2.30669 -2.5 -1.24755 1.56415 -2.5 -1.4277 1.40165 -2.5 -2.0975 2.14419 -2.5 
Q 17 -2.13191 2.10998 2.5 -2.13191 2.10998 -2.5 -2.29545 1.93079 -2.5 -2.29545 1.93079 2.5 
Q 17 -1.39329 1.43586 -2.5 -1.39329 1.43586 2.5 -1.55683 1.25667 2.5 -1.55683 1.25667 -2.5 
Q 17 -2.13191 2.10998 2.5 -1.39329 1.43586 2.5 -1.55683 1.25667 2.5 -2.29545 1.93079 2.5 
Q 17 -2.13191 2.10998 -2.5 -1.39329 1.43586 -2.5 -1.55683 1.25667 -2.5 -2.29545 1.93079 -2.5 
Q 18 -2.32638 1.89341 2.5 -2.32638 1.89341 -2.5 -2.47179 1.69921 -2.5 -2.47179 1.69921 2.5 
Q 18 -1.5259 1.29405 -2.5 -1.5259 1.29405 2.5 -1.67131 1.09985 2.5 -1.67131 1.09985 -2.5 
Q 18 -2.32638 1.89341 2.5 -1.5259 1.29405 2.5 -1.67131 1.09985 2.5 -2.47179 1.69921 2.5 
Q 18 -2.32638 1.89341 -2.5 -1.5259 1.29405 -2.5 -1.67131 1.09985 -2.5 -2.47179 1.69921 -2.5 
Q 19 -2.49895 1.659 2.5 -2.49895 1.659 -2.5 -2.62485 1.45163 -2.5 -2.62485 1.45163 2.5 
Q 19 -1.64415 1.14006 -2.5 -1.64415 1.14006 2.5 -1.77004 0.932678 2.5 -1.77004 0.932678 -2.5 
Q 19 -2.49895 1.659 2.5 -1.64415 1.14006 2.5 -1.77004 0.932678 2.5 -2.62485 1.45163 2.5 
Q 19 -2.49895 1.659 -2.5 -1.64415 1.14006 -2.5 -1.77004 0.932678 -2.5 -2.62485 1.45163 -2.5 
Q 20 -2.64799 1.40898 2.5 -2.64799 1.40898 -2.5 -2.75319 1.19037 -2.5 -2.75319 1.19037 2.5 
Q 20 -1.74691 0.975326 -2.5 -1.74691 0.975326 2.5 -1.85211 0.756721 2.5 -1.85211 0.756721 -2.5 
Q 20 -2.64799 1.40898 2.5 -1.74691 0.975326 2.5 -1.85211 0.756721 2.5 -2.75319 1.19037 2.5 
Q 20 -2.64799 1.40898 -2.5 -1.74691 0.975326 -2.5 -1.85211 0.756721 -2.5 -2.75319 1.19037 -2.5 
Q 21 -2.80265 3.47355 0 -2.80265 -1.52645 0 -2.80265 -1.52645 5 -2.80265 3.47355 5 
Q 21 -1.80265 -1.52645 0 -1.80265 3.47355 0 -1.80265 3.47355 5 -1.80265 -1.52645 5 
Q 21 -2.80265 3.47355 0 -1.80265 3.47355 0 -1.80265 3.47355 5 -2.80265 3.47355 5 
Q 21 -2.80265 -1.52645 0 -1.80265 -1.52645 0 -1.80265 -1.52645 5 -2.80265 -1.52645 5 
Q 22 -1.85654 0.747754 7.5 -1.85654 0.747754 2.5 -1.7019 1.05328 2.5 -1.7019 1.05328 7.5 
Q 22 -2.74877 1.19934 2.5 -2.74877 1.19934 7.5 -2.59413 1.50486 7.5 -2.59413 1.50486 2.5 
Q 22 -1.85654 0.747754 7.5 -2.74877 1.19934 7.5 -2.59413 1.50486 7.5 -1.7019 1.05328 7.5 
Q 22 -1.85654 0.747754 2.5 -2.74877 1.19934 2.5 -2.59413 1.50486 2.5 -1.7019 1.05328 2.5 
Q 23 -1.73694 0.994437 7.5 -1.73694 0.994437 2.5 -1.54201 1.27597 2.5 -1.54201 1.27597 7.5 
Q 23 -2.55909 1.56371 2.5 -2.55909 1.56371 7.5 -2.36415 1.84524 7.5 -2.36415 1.84524 2.5 
Q 23 -1.73694 0.994437 7.5 -2.55909 1.56371 7.5 -2.36415 1.84524 7.5 -1.54201 1.27597 7.5 
Q 23 -1.73694 0.994437 2.5 -2.55909 1.56371 2.5 -2.36415 1.84524 2.5 -1.54201 1.27597 2.5 
Q 24 -1.58476 1.22246 7.5 -1.58476 1.22246 2.5 -1.35318 1.47471 2.5 -1.35318 1.47471 7.5 
Q 24 -2.3214 1.89874 2.5 -2.3214 1.89874 7.5 -2.08982 2.15099 7.5 -2.08982 2.15099 2.5 
Q 24 -1.58476 1.22246 7.5 -2.3214 1.89874 7.5 -2.08982 2.15099 7.5 -1.35318 1.47471 7.5 
Q 24 -1.58476 1.22246 2.5 -2.3214 1.89874 2.5 -2.08982 2.15099 2.5 -1.35318 1.47471 2.5 
Q 25 -1.40284 1.42755 7.5 -1.40284 1.42755 2.5 -1.13896 1.64579 2.5 -1.13896 1.64579 7.5 
Q 25 -2.04016 2.19815 2.5 -2.04016 2.19815 7.5 -1.77629 2.41639 7.5 -1.77629 2.41639 2.5 
Q 25 -1.40284 1.42755 7.5 -2.04016 2.19815 7.5 -1.77629 2.41639 7.5 -1.13896 1.64579 7.5 
Q 25 -1.40284 1.42755 2.5 -2.04016 2.19815 2.5 -1.77629 2.41639 2.5 -1.13896 1.64579 2.5 
Q 26 -1.1946 1.60586 7.5 -1.1946 1.60586 2.5 -0.903381 1.78599 2.5 -0.903381 1.78599 7.5 
Q 26 -1.72065 2.45632 2.5 -1.72065 2.45632 7.5 -1.42942 2.63645 7.5 -1.42942 2.63645 2.5 
Q 26 -1.1946 1.60586 7.5 -1.72065 2.45632 7.5 -1.42942 2.63645 7.5 -0.903381 1.78599 7.5 
Q 26 -1.1946 1.60586 2.5 -1.72065 2.45632 2.5 -1.42942 2.63645 2.5 -0.903381 1.78599 2.5 
Q 27 -0.963957 1.75404 7.5 -0.963957 1.75404 2.5 -0.65085 1.89269 2.5 -0.65085 1.89269 7.5 
Q 27 -1.36885 2.66841 2.5 -1.36885 2.66841 7.5 -1.05574 2.80705 7.5 -1.05574 2.80705 2.5 
Q 27 -0.963957 1.75404 7.5 -1.36885 2.66841 7.5 -1.05574 2.80705 7.5 -0.65085 1.89269 7.5 
Q 27 -0.963957 1.75404 2.5 -1.36885 2.66841 2.5 -1.05574 2.80705 2.5 -0.65085 1.89269 2.5 
Q 28 -0.715223 1.86931 7.5 -0.715223 1.86931 2.5 -0.386107 1.96387 2.5 -0.386107 1.96387 7.5 
Q 28 -0.991366 2.83043 2.5 -0.991366 2.83043 7.5 -0.66225 2.92499 7.5 -0.66225 2.92499 2.5 
Q 28 -0.715223 1.86931 7.5 -0.991366 2.83043 7.5 -0.66225 2.92499 7.5 -0.386107 1.96387 7.5 
Q 28 -0.715223 1.86931 2.5 -0.991366 2.83043 2.5 -0.66225 2.92499 2.5 -0.386107 1.96387 2.5 
Q 29 -0.453071 1.94951 7.5 -0.453071 1.94951 2.5 -0.114121 1.99821 2.5 -0.114121 1.99821 7.5 
Q 29 -0.595286 2.93935 2.5 -0.595286 2.93935 7.5 -0.256336 2.98805 7.5 -0.256336 2.98805 2.5 
Q 29 -0.453071 1.94951 7.5 -0.595286 2.93935 7.5 -0.256336 2.98805 7.5 -0.114121 1.99821 7.5 
Q 29 -0.453071 1.94951 2.5 -0.595286 2.93935 2.5 -0.256336 2.98805 2.5 -0.114121 1.99821 2.5 
Q 30 -0.182419 1.99314 7.5 -0.182419 1.99314 2.5 0.160007 1.99506 2.5 0.160007 1.99506 7.5 
Q 30 -0.188038 2.99312 2.5 -0.188038 2.99312 7.5 0.154387 2.99505 7.5 0.154387 2.99505 2.5 
Q 30 -0.182419 1.99314 7.5 -0.188038 2.99312 7.5 0.154387 2.99505 7.5 0.160007 1.99506 7.5 
Q 30 -0.182419 1.99314 2.5 -0.188038 2.99312 2.5 0.154387 2.99505 2.5 0.160007 1.99506 2.5 
Q 31 0.0916562 1.99937 7.5 0.0916562 1.99937 2.5 0.431132 1.95448 2.5 0.431132 1.95448 7.5 
Q 31 0.222738 2.99074 2.5 0.222738 2.99074 7.5 0.562214 2.94585 7.5 0.562214 2.94585 2.5 
Q 31 0.0916562 1.99937 7.5 0.222738 2.99074 7.5 0.562214 2.94585 7.5 0.431132 1.95448 7.5 
Q 31 0.0916562 1.99937 2.5 0.222738 2.99074 2.5 0.562214 2.94585 2.5 0.431132 1.95448 2.5 
Q 32 0.364011 1.96809 7.5 0.364011 1.96809 2.5 0.694169 1.87723 2.5 0.694169 1.87723 7.5 
Q 32 0.629335 2.93225 2.5 0.629335 2.93225 7.5 0.959493 2.84139 7.5 0.959493 2.84139 2.5 
Q 32 0.364011 1.96809 7.5 0.629335 2.93225 7.5 0.959493 2.84139 7.5 0.694169 1.87723 7.5 
Q 32 0.364011 1.96809 2.5 0.629335 2.93225 2.5 0.959493 2.84139 2.5 0.694169 1.87723 2.5 
Q 33 0.629537 1.89988 7.5 0.629537 1.89988 2.5 0.944183 1.76476 2.5 0.944183 1.76476 7.5 
Q 33 1.02413 2.81874 2.5 1.02413 2.81874 7.5 1.33877 2.68362 7.5 1.33877 2.68362 2.5 
Q 33 0.629537 1.89988 7.5 1.02413 2.81874 7.5 1.33877 2.68362 7.5 0.944183 1.76476 7.5 
Q 33 0.629537 1.89988 2.5 1.02413 2.81874 2.5 1.33877 2.68362 2.5 0.944183 1.76476 2.5 
Q 34 0.883252 1.79603 7.5 0.883252 1.79603 2.5 1.17648 1.61919 2.5 1.17648 1.61919 7.5 
Q 34 1.3997 2.65235 2.5 1.3997 2.65235 7.5 1.69293 2.4755 7.5 1.69293 2.4755 2.5 
Q 34 0.883252 1.79603 7.5 1.3997 2.65235 7.5 1.69293 2.4755 7.5 1.17648 1.61919 7.5 
Q 34 0.883252 1.79603 2.5 1.3997 2.65235 2.5 1.69293 2.4755 2.5 1.17648 1.61919 2.5 
Q 35 1.1204 1.65849 7.5 1.1204 1.65849 2.5 1.38671 1.44323 2.5 1.38671 1.44323 7.5 
Q 35 1.74902 2.4362 2.5 1.74902 2.4362 7.5 2.01533 2.22094 7.5 2.01533 2.22094 2.5 
Q 35 1.1204 1.65849 7.5 1.74902 2.4362 7.5 2.01533 2.22094 7.5 1.38671 1.44323 7.5 
Q 35 1.1204 1.65849 2.5 1.74902 2.4362 2.5 2.01533 2.22094 2.5 1.38671 1.44323 2.5 
Q 36 1.33652 1.48983 7.5 1.33652 1.48983 2.5 1.57092 1.2402 2.5 1.57092 1.2402 7.5 
Q 36 2.06552 2.17434 2.5 2.06552 2.17434 7.5 2.29992 1.92471 7.5 2.29992 1.92471 2.5 
Q 36 1.33652 1.48983 7.5 2.06552 2.17434 7.5 2.29992 1.92471 7.5 1.57092 1.2402 7.5 
Q 36 1.33652 1.48983 2.5 2.06552 2.17434 2.5 2.29992 1.92471 2.5 1.57092 1.2402 2.5 
Q 37 1.52757 1.29322 7.5 1.52757 1.29322 2.5 1.72566 1.01389 2.5 1.72566 1.01389 7.5 
Q 37 2.34327 1.87169 2.5 2.34327 1.87169 7.5 2.54136 1.59237 7.5 2.54136 1.59237 2.5 
Q 37 1.52757 1.29322 7.5 2.34327 1.87169 7.5 2.54136 1.59237 7.5 1.72566 1.01389 7.5 
Q 37 1.52757 1.29322 2.5 2.34327 1.87169 2.5 2.54136 1.59237 2.5 1.72566 1.01389 2.5 
Q 38 1.68996 1.07234 7.5 1.68996 1.07234 2.5 1.84802 0.768572 2.5 1.84802 0.768572 7.5 
Q 38 2.57705 1.53392 2.5 2.57705 1.53392 7.5 2.73511 1.23015 7.5 2.73511 1.23015 2.5 
Q 38 1.68996 1.07234 7.5 2.57705 1.53392 7.5 2.73511 1.23015 7.5 1.84802 0.768572 7.5 
Q 38 1.68996 1.07234 2.5 2.57705 1.53392 2.5 2.73511 1.23015 2.5 1.84802 0.768572 2.5 
Q 39 1.82064 0.831348 7.5 1.82064 0.831348 2.5 1.93571 0.508829 2.5 1.93571 0.508829 7.5 
Q 39 2.76249 1.16738 2.5 2.76249 1.16738 7.5 2.87756 0.844859 7.5 2.87756 0.844859 2.5 
Q 39 1.82064 0.831348 7.5 2.76249 1.16738 7.5 2.87756 0.844859 7.5 1.93571 0.508829 7.5 
Q 39 1.82064 0.831348 2.5 2.76249 1.16738 2.5 2.87756 0.844859 2.5 1.93571 0.508829 2.5 
Q 40 1.91717 0.574757 7.5 1.91717 0.574757 2.5 1.98708 0.23954 2.5 1.98708 0.23954 7.5 
Q 40 2.8961 0.778931 2.5 2.8961 0.778931 7.5 2.96602 0.443714 7.5 2.96602 0.443714 2.5 
Q 40 1.91717 0.574757 7.5 2.8961 0.778931 7.5 2.96602 0.443714 7.5 1.98708 0.23954 7.5 
Q 40 1.91717 0.574757 2.5 2.8961 0.778931 2.5 2.96602 0.443714 2.5 1.98708 0.23954 2.5 
Q 41 1.97772 0.307384 7.5 1.97772 0.307384 2.5 2.00117 -0.0342431 2.5 2.00117 -0.0342431 7.5 
Q 41 2.97537 0.37587 2.5 2.97537 0.37587 7.5 2.99883 0.0342431 7.5 2.99883 0.0342431 2.5 
Q 41 1.97772 0.307384 7.5 2.97537 0.37587 7.5 2.99883 0.0342431 7.5 2.00117 -0.0342431 7.5 
Q 41 1.97772 0.307384 2.5 2.97537 0.37587 2.5 2.99883 0.0342431 2.5 2.00117 -0.0342431 2.5 
Q 42 2 -2.5 5 2 2.5 5 2 2.5 0 2 -2.5 0 
Q 42 3 2.5 5 3 -2.5 5 3 -2.5 0 3 2.5 0 
Q 42 2 -2.5 5 3 -2.5 5 3 -2.5 0 2 -2.5 0 
Q 42 2 2.5 5 3 2.5 5 3 2.5 0 2 2.5 0 
Q 43 2.00117 0.0342431 2.5 2.00117 0.0342431 -2.5 1.97772 -0.307384 -2.5 1.97772 -0.307384 2.5 
Q 43 2.99883 -0.0342431 -2.5 2.99883 -0.0342431 2.5 2.97537 -0.37587 2.5 2.97537 -0.37587 -2.5 
Q 43 2.00117 0.0342431 2.5 2.99883 -0.0342431 2.5 2.97537 -0.37587 2.5 1.97772 -0.307384 2.5 
Q 43 2.00117 0.0342431 -2.5 2.99883 -0.0342431 -2.5 2.97537 -0.37587 -2.5 1.97772 -0.307384 -2.5 
Q 44 1.98708 -0.23954 2.5 1.98708 -0.23954 -2.5 1.91717 -0.574757 -2.5 1.91717 -0.574757 2.5 
Q 44 2.96602 -0.443714 -2.5 2.96602 -0.443714 2.5 2.8961 -0.778931 2.5 2.8961 -0.778931 -2.5 
Q 44 1.98708 -0.23954 2.5 2.96602 -0.443714 2.5 2.8961 -0.778931 2.5 1.91717 -0.574757 2.5 
Q 44 1.98708 -0.23954 -2.5 2.96602 -0.443714 -2.5 2.8961 -0.778931 -2.5 1.91717 -0.574757 -2.5 
Q 45 1.93571 -0.508829 2.5 1.93571 -0.508829 -2.5 1.82064 -0.831348 -2.5 1.82064 -0.831348 2.5 
Q 45 2.87756 -0.844859 -2.5 2.87756 -0.844859 2.5 2.76249 -1.16738 2.5 2.76249 -1.16738 -2.5 
Q 45 1.93571 -0.508829 2.5 2.87756 -0.844859 2.5 2.76249 -1.16738 2.5 1.82064 -0.831348 2.5 
Q 45 1.93571 -0.508829 -2.5 2.87756 -0.844859 -2.5 2.76249 -1.16738 -2.5 1.82064 -0.831348 -2.5 
Q 46 1.84802 -0.768572 2.5 1.84802 -0.768572 -2.5 1.68996 -1.07234 -2.5 1.68996 -1.07234 2.5 
Q 46 2.73511 -1.23015 -2.5 2.73511 -1.23015 2.5 2.57705 -1.53392 2.5 2.57705 -1.53392 -2.5 
Q 46 1.84802 -0.768572 2.5 2.73511 -1.23015 2.5 2.57705 -1.53392 2.5 1.68996 -1.07234 2.5 
Q 46 1.84802 -0.768572 -2.5 2.73511 -1.23015 -2.5 2.57705 -1.53392 -2.5 1.68996 -1.07234 -2.5 
Q 47 1.72566 -1.01389 2.5 1.72566 -1.01389 -2.5 1.52757 -1.29322 -2.5 1.52757 -1.29322 2.5 
Q 47 2.54136 -1.59237 -2.5 2.54136 -1.59237 2.5 2.34327 -1.87169 2.5 2.34327 -1.87169 -2.5 
Q 47 1.72566 -1.01389 2.5 2.54136 -1.59237 2.5 2.34327 -1.87169 2.5 1.52757 -1.29322 2.5 
Q 47 1.72566 -1.01389 -2.5 2.54136 -1.59237 -2.5 2.34327 -1.87169 -2.5 1.52757 -1.29322 -2.5 
Q 48 1.57092 -1.2402 2.5 1.57092 -1.2402 -2.5 1.33652 -1.48983 -2.5 1.33652 -1.48983 2.5 
Q 48 2.29992 -1.92471 -2.5 2.29992 -1.92471 2.5 2.06552 -2.17434 2.5 2.06552 -2.17434 -2.5 
Q 48 1.57092 -1.2402 2.5 2.29992 -1.92471 2.5 2.06552 -2.17434 2.5 1.33652 -1.48983 2.5 
Q 48 1.57092 -1.2402 -2.5 2.29992 -1.92471 -2.5 2.06552 -2.17434 -2.5 1.33652 -1.48983 -2.5 
Q 49 1.38671 -1.44323 2.5 1.38671 -1.44323 -2.5 1.1204 -1.65849 -2.5 1.1204 -1.65849 2.5 
Q 49 2.01533 -2.22094 -2.5 2.01533 -2.22094 2.5 1.74902 -2.4362 2.5 1.74902 -2.4362 -2.5 
Q 49 1.38671 -1.44323 2.5 2.01533 -2.22094 2.5 1.74902 -2.4362 2.5 1.1204 -1.65849 2.5 
Q 49 1.38671 -1.44323 -2.5 2.01533 -2.22094 -2.5 1.74902 -2.4362 -2.5 1.1204 -1.65849 -2.5 
Q 50 1.17648 -1.61919 2.5 1.17648 -1.61919 -2.5 0.883252 -1.79603 -2.5 0.883252 -1.79603 2.5 
Q 50 1.69293 -2.4755 -2.5 1.69293 -2.4755 2.5 1.3997 -2.65235 2.5 1.3997 -2.65235 -2.5 
Q 50 1.17648 -1.61919 2.5 1.69293 -2.4755 2.5 1.3997 -2.65235 2.5 0.883252 -1.79603 2.5 
Q 50 1.17648 -1.61919 -2.5 1.69293 -2.4755 -2.5 1.3997 -2.65235 -2.5 0.883252 -1.79603 -2.5 
Q 51 0.944183 -1.76476 2.5 0.944183 -1.76476 -2.5 0.629537 -1.89988 -2.5 0.629537 -1.89988 2.5 
Q 51 1.33877 -2.68362 -2.5 1.33877 -2.68362 2.5 1.02413 -2.81874 2.5 1.02413 -2.81874 -2.5 
Q 51 0.944183 -1.76476 2.5 1.33877 -2.68362 2.5 1.02413 -2.81874 2.5 0.629537 -1.89988 2.5 
Q 51 0.944183 -1.76476 -2.5 1.33877 -2.68362 -2.5 1.02413 -2.81874 -2.5 0.629537 -1.89988 -2.5 
Q 52 0.694169 -1.87723 2.5 0.694169 -1.87723 -2.5 0.364011 -1.96809 -2.5 0.364011 -1.96809 2.5 
Q 52 0.959493 -2.84139 -2.5 0.959493 -2.84139 2.5 0.629335 -2.93225 2.5 0.629335 -2.93225 -2.5 
Q 52 0.694169 -1.87723 2.5 0.959493 -2.84139 2.5 0.629335 -2.93225 2.5 0.364011 -1.96809 2.5 
Q 52 0.694169 -1.87723 -2.5 0.959493 -2.84139 -2.5 0.629335 -2.93225 -2.5 0.364011 -1.96809 -2.5 
Q 53 0.431132 -1.95448 2.5 0.431132 -1.95448 -2.5 0.0916562 -1.99937 -2.5 0.0916562 -1.99937 2.5 
Q 53 0.562214 -2.94585 -2.5 0.562214 -2.94585 2.5 0.222738 -2.99074 2.5 0.222738 -2.99074 -2.5 
Q 53 0.431132 -1.95448 2.5 0.562214 -2.94585 2.5 0.222738 -2.99074 2.5 0.0916562 -1.99937 2.5 
Q 53 0.431132 -1.95448 -2.5 0.562214 -2.94585 -2.5 0.222738 -2.99074 -2.5 0.0916562 -1.99937 -2.5 
Q 54 0.160007 -1.99506 2.5 0.160007 -1.99506 -2.5 -0.182419 -1.99314 -2.5 -0.182419 -1.99314 2.5 
Q 54 0.154387 -2.99505 -2.5 0.154387 -2.99505 2.5 -0.188038 -2.99312 2.5 -0.188038 -2.99312 -2.5 
Q 54 0.160007 -1.99506 2.5 0.154387 -2.99505 2.5 -0.188038 -2.99312 2.5 -0.182419 -1.99314 2.5 
Q 54 0.160007 -1.99506 -2.5 0.154387 -2.99505 -2.5 -0.188038 -2.99312 -2.5 -0.182419 -1.99314 -2.5 
Q 55 -0.114121 -1.99821 2.5 -0.114121 -1.99821 -2.5 -0.453071 -1.94951 -2.5 -0.453071 -1.94951 2.5 
Q 55 -0.256336 -2.98805 -2.5 -0.256336 -2.98805 2.5 -0.595286 -2.93935 2.5 -0.595286 -2.93935 -2.5 
Q 55 -0.114121 -1.99821 2.5 -0.256336 -2.98805 2.5 -0.595286 -2.93935 2.5 -0.453071 -1.94951 2.5 
Q 55 -0.114121 -1.99821 -2.5 -0.256336 -2.98805 -2.5 -0.595286 -2.93935 -2.5 -0.453071 -1.94951 -2.5 
Q 56 -0.386107 -1.96387 2.5 -0.386107 -1.96387 -2.5 -0.715223 -1.86931 -2.5 -0.715223 -1.86931 2.5 
Q 56 -0.66225 -2.92499 -2.5 -0.66225 -2.92499 2.5 -0.991366 -2.83043 2.5 -0.991366 -2.83043 -2.5 
Q 56 -0.386107 -1.96387 2.5 -0.66225 -2.92499 2.5 -0.991366 -2.83043 2.5 -0.715223 -1.86931 2.5 
Q 56 -0.386107 -1.96387 -2.5 -0.66225 -2.92499 -2.5 -0.991366 -2.83043 -2.5 -0.715223 -1.86931 -2.5 
Q 57 -0.65085 -1.89269 2.5 -0.65085 -1.89269 -2.5 -0.963957 -1.75404 -2.5 -0.963957 -1.75404 2.5 
Q 57 -1.05574 -2.80705 -2.5 -1.05574 -2.80705 2.5 -1.36885 -2.66841 2.5 -1.36885 -2.66841 -2.5 
Q 57 -0.65085 -1.89269 2.5 -1.05574 -2.80705 2.5 -1.36885 -2.66841 2.5 -0.963957 -1.75404 2.5 
Q 57 -0.65085 -1.89269 -2.5 -1.05574 -2.80705 -2.5 -1.36885 -2.66841 -2.5 -0.963957 -1.75404 -2.5 
Q 58 -0.903381 -1.78599 2.5 -0.903381 -1.78599 -2.5 -1.1946 -1.60586 -2.5 -1.1946 -1.60586 2.5 
Q 58 -1.42942 -2.63645 -2.5 -1.42942 -2.63645 2.5 -1.72065 -2.45632 2.5 -1.72065 -2.45632 -2.5 
Q 58 -0.903381 -1.78599 2.5 -1.42942 -2.63645 2.5 -1.72065 -2.45632 2.5 -1.1946 -1.60586 2.5 
Q 58 -0.903381 -1.78599 -2.5 -1.42942 -2.63645 -2.5 -1.72065 -2.45632 -2.5 -1.1946 -1.60586 -2.5 
Q 59 -1.13896 -1.64579 2.5 -1.13896 -1.64579 -2.5 -1.40284 -1.42755 -2.5 -1.40284 -1.42755 2.5 
Q 59 -1.77629 -2.41639 -2.5 -1.77629 -2.41639 2.5 -2.04016 -2.19815 2.5 -2.04016 -2.19815 -2.5 
Q 59 -1.13896 -1.64579 2.5 -1.77629 -2.41639 2.5 -2.04016 -2.19815 2.5 -1.40284 -1.42755 2.5 
Q 59 -1.13896 -1.64579 -2.5 -1.77629 -2.41639 -2.5 -2.04016 -2.19815 -2.5 -1.40284 -1.42755 -2.5 
Q 60 -1.35318 -1.47471 2.5 -1.35318 -1.47471 -2.5 -1.58476 -1.22246 -2.5 -1.58476 -1.22246 2.5 
Q 60 -2.08982 -2.15099 -2.5 -2.08982 -2.15099 2.5 -2.3214 -1.89874 2.5 -2.3214 -1.89874 -2.5 
Q 60 -1.35318 -1.47471 2.5 -2.08982 -2.15099 2.5 -2.3214 -1.89874 2.5 -1.58476 -1.22246 2.5 
Q 60 -1.35318 -1.47471 -2.5 -2.08982 -2.15099 -2.5 -2.3214 -1.89874 -2.5 -1.58476 -1.22246 -2.5 
Q 61 -1.54201 -1.27597 2.5 -1.54201 -1.27597 -2.5 -1.73694 -0.994437 -2.5 -1.73694 -0.994437 2.5 
Q 61 -2.36415 -1.84524 -2.5 -2.36415 -1.84524 2.5 -2.55909 -1.56371 2.5 -2.55909 -1.56371 -2.5 
Q 61 -1.54201 -1.27597 2.5 -2.36415 -1.84524 2.5 -2.55909 -1.56371 2.5 -1.73694 -0.994437 2.5 
Q 61 -1.54201 -1.27597 -2.5 -2.36415 -1.84524 -2.5 -2.55909 -1.56371 -2.5 -1.73694 -0.994437 -2.5 
Q 62 -1.7019 -1.05328 2.5 -1.7019 -1.05328 -2.5 -1.85654 -0.747754 -2.5 -1.85654 -0.747754 2.5 
Q 62 -2.59413 -1.50486 -2.5 -2.59413 -1.50486 2.5 -2.74877 -1.19934 2.5 -2.74877 -1.19934 -2.5 
Q 62 -1.7019 -1.05328 2.5 -2.59413 -1.50486 2.5 -2.74877 -1.19934 2.5 -1.85654 -0.747754 2.5 
Q 62 -1.7019 -1.05328 -2.5 -2.59413 -1.50486 -2.5 -2.74877 -1.19934 -2.5 -1.85654 -0.747754 -2.5 
Q 63 -2.80265 1.52645 0 -2.80265 -3.47355 0 -2.80265 -3.47355 5 -2.80265 1.52645 5 
Q 63 -1.80265 -3.47355 0 -1.80265 1.52645 0 -1.80265 1.52645 5 -1.80265 -3.47355 5 
Q 63 -2.80265 1.52645 0 -1.80265 1.52645 0 -1.80265 1.52645 5 -2.80265 1.52645 5 
Q 63 -2.80265 -3.47355 0 -1.80265 -3.47355 0 -1.80265 -3.47355 5 -2.80265 -3.47355 5 
Q 64 -2.75319 -1.19037 7.5 -2.75319 -1.19037 2.5 -2.64799 -1.40898 2.5 -2.64799 -1.40898 7.5 
Q 64 -1.85211 -0.756721 2.5 -1.85211 -0.756721 7.5 -1.74691 -0.975326 7.5 -1.74691 -0.975326 2.5 
Q 64 -2.75319 -1.19037 7.5 -1.85211 -0.756721 7.5 -1.74691 -0.975326 7.5 -2.64799 -1.40898 7.5 
Q 64 -2.75319 -1.19037 2.5 -1.85211 -0.756721 2.5 -1.74691 -0.975326 2.5 -2.64799 -1.40898 2.5 
Q 65 -2.62485 -1.45163 7.5 -2.62485 -1.45163 2.5 -2.49895 -1.659 2.5 -2.49895 -1.659 7.5 
Q 65 -1.77004 -0.932678 2.5 -1.77004 -0.932678 7.5 -1.64415 -1.14006 7.5 -1.64415 -1.14006 2.5 
Q 65 -2.62485 -1.45163 7.5 -1.77004 -0.932678 7.5 -1.64415 -1.14006 7.5 -2.49895 -1.659 7.5 
Q 65 -2.62485 -1.45163 2.5 -1.77004 -0.932678 2.5 -1.64415 -1.14006 2.5 -2.49895 -1.659 2.5 
Q 66 -2.47179 -1.69921 7.5 -2.47179 -1.69921 2.5 -2.32638 -1.89341 2.5 -2.32638 -1.89341 7.5 
Q 66 -1.67131 -1.09985 2.5 -1.67131 -1.09985 7.5 -1.5259 -1.29405 7.5 -1.5259 -1.29405 2.5 
Q 66 -2.47179 -1.69921 7.5 -1.67131 -1.09985 7.5 -1.5259 -1.29405 7.5 -2.32638 -1.89341 7.5 
Q 66 -2.47179 -1.69921 2.5 -1.67131 -1.09985 2.5 -1.5259 -1.29405 2.5 -2.32638 -1.89341 2.5 
Q 67 -2.29545 -1.93079 7.5 -2.29545 -1.93079 2.5 -2.13191 -2.10998 2.5 -2.13191 -2.10998 7.5 
Q 67 -1.55683 -1.25667 2.5 -1.55683 -1.25667 7.5 -1.39329 -1.43586 7.5 -1.39329 -1.43586 2.5 
Q 67 -2.29545 -1.93079 7.5 -1.55683 -1.25667 7.5 -1.39329 -1.43586 7.5 -2.13191 -2.10998 7.5 
Q 67 -2.29545 -1.93079 2.5 -1.55683 -1.25667 2.5 -1.39329 -1.43586 2.5 -2.13191 -2.10998 2.5 
Q 68 -2.0975 -2.14419 7.5 -2.0975 -2.14419 2.5 -1.91735 -2.30669 2.5 -1.91735 -2.30669 7.5 
Q 68 -1.4277 -1.40165 2.5 -1.4277 -1.40165 7.5 -1.24755 -1.56415 7.5 -1.24755 -1.56415 2.5 
Q 68 -2.0975 -2.14419 7.5 -1.4277 -1.40165 7.5 -1.24755 -1.56415 7.5 -1.91735 -2.30669 7.5 
Q 68 -2.0975 -2.14419 2.5 -1.4277 -1.40165 2.5 -1.24755 -1.56415 2.5 -1.91735 -2.30669 2.5 
Q 69 -1.87979 -2.3374 7.5 -1.87979 -2.3374 2.5 -1.68474 -2.48167 2.5 -1.68474 -2.48167 7.5 
Q 69 -1.28512 -1.53343 2.5 -1.28512 -1.53343 7.5 -1.09007 -1.6777 7.5 -1.09007 -1.6777 2.5 
Q 69 -1.87979 -2.3374 7.5 -1.28512 -1.53343 7.5 -1.09007 -1.6777 7.5 -1.68474 -2.48167 7.5 
Q 69 -1.87979 -2.3374 2.5 -1.28512 -1.53343 2.5 -1.09007 -1.6777 2.5 -1.68474 -2.48167 2.5 
Q 70 -1.64438 -2.5086 7.5 -1.64438 -2.5086 2.5 -1.43627 -2.63328 2.5 -1.43627 -2.63328 7.5 
Q 70 -1.13043 -1.65078 2.5 -1.13043 -1.65078 7.5 -0.922324 -1.77546 7.5 -0.922324 -1.77546 2.5 
Q 70 -1.64438 -2.5086 7.5 -1.13043 -1.65078 7.5 -0.922324 -1.77546 7.5 -1.43627 -2.63328 7.5 
Q 70 -1.64438 -2.5086 2.5 -1.13043 -1.65078 2.5 -0.922324 -1.77546 2.5 -1.43627 -2.63328 2.5 
Q 71 -1.39349 -2.65617 7.5 -1.39349 -2.65617 2.5 -1.17427 -2.7601 2.5 -1.17427 -2.7601 7.5 
Q 71 -0.965107 -1.75257 2.5 -0.965107 -1.75257 7.5 -0.74589 -1.8565 7.5 -0.74589 -1.8565 2.5 
Q 71 -1.39349 -2.65617 7.5 -0.965107 -1.75257 7.5 -0.74589 -1.8565 7.5 -1.17427 -2.7601 7.5 
Q 71 -1.39349 -2.65617 2.5 -0.965107 -1.75257 2.5 -0.74589 -1.8565 2.5 -1.17427 -2.7601 2.5 
Q 72 -1.12947 -2.77873 7.5 -1.12947 -2.77873 2.5 -0.901212 -2.86092 2.5 -0.901212 -2.86092 7.5 
Q 72 -0.79069 -1.83787 2.5 -0.79069 -1.83787 7.5 -0.562433 -1.92006 7.5 -0.562433 -1.92006 2.5 
Q 72 -1.12947 -2.77873 7.5 -0.79069 -1.83787 7.5 -0.562433 -1.92006 7.5 -0.901212 -2.86092 7.5 
Q 72 -1.12947 -2.77873 2.5 -0.79069 -1.83787 2.5 -0.562433 -1.92006 2.5 -0.901212 -2.86092 2.5 
Q 73 -0.854817 -2.87512 7.5 -0.854817 -2.87512 2.5 -0.619668 -2.9348 2.5 -0.619668 -2.9348 7.5 
Q 73 -0.608828 -1.90585 2.5 -0.608828 -1.90585 7.5 -0.373679 -1.96553 7.5 -0.373679 -1.96553 2.5 
Q 73 -0.854817 -2.87512 7.5 -0.608828 -1.90585 7.5 -0.373679 -1.96553 7.5 -0.619668 -2.9348 7.5 
Q 73 -0.854817 -2.87512 2.5 -0.608828 -1.90585 2.5 -0.373679 -1.96553 2.5 -0.619668 -2.9348 2.5 
Q 74 -0.572114 -2.94444 7.5 -0.572114 -2.94444 2.5 -0.332288 -2.98105 2.5 -0.332288 -2.98105 7.5 
Q 74 -0.421232 -1.95589 2.5 -0.421232 -1.95589 7.5 -0.181406 -1.9925 7.5 -0.181406 -1.9925 2.5 
Q 74 -0.572114 -2.94444 7.5 -0.421232 -1.95589 7.5 -0.181406 -1.9925 7.5 -0.332288 -2.98105 7.5 
Q 74 -0.572114 -2.94444 2.5 -0.421232 -1.95589 2.5 -0.181406 -1.9925 2.5 -0.332288 -2.98105 2.5 
Q 75 -0.284024 -2.98603 7.5 -0.284024 -2.98603 2.5 -0.0417786 -2.99922 2.5 -0.0417786 -2.99922 7.5 
Q 75 -0.22967 -1.98751 2.5 -0.22967 -1.98751 7.5 0.0125751 -2.0007 7.5 0.0125751 -2.0007 2.5 
Q 75 -0.284024 -2.98603 7.5 -0.22967 -1.98751 7.5 0.0125751 -2.0007 7.5 -0.0417786 -2.99922 7.5 
Q 75 -0.284024 -2.98603 2.5 -0.22967 -1.98751 2.5 0.0125751 -2.0007 2.5 -0.0417786 -2.99922 2.5 
Q 76 0.0067413 -2.9995 7.5 0.0067413 -2.9995 2.5 0.249124 -2.98915 2.5 0.249124 -2.98915 7.5 
Q 76 -0.0359448 -2.00041 2.5 -0.0359448 -2.00041 7.5 0.206438 -1.99006 7.5 0.206438 -1.99006 2.5 
Q 76 0.0067413 -2.9995 7.5 -0.0359448 -2.00041 7.5 0.206438 -1.99006 7.5 0.249124 -2.98915 7.5 
Q 76 0.0067413 -2.9995 2.5 -0.0359448 -2.00041 2.5 0.206438 -1.99006 2.5 0.249124 -2.98915 2.5 
Q 77 0.297443 -2.98472 7.5 0.297443 -2.98472 2.5 0.537681 -2.95092 2.5 0.537681 -2.95092 7.5 
Q 77 0.158119 -1.99448 2.5 0.158119 -1.99448 7.5 0.398357 -1.96068 7.5 0.398357 -1.96068 2.5 
Q 77 0.297443 -2.98472 7.5 0.158119 -1.99448 7.5 0.398357 -1.96068 7.5 0.537681 -2.95092 7.5 
Q 77 0.297443 -2.98472 2.5 0.158119 -1.99448 2.5 0.398357 -1.96068 2.5 0.537681 -2.95092 2.5 
Q 78 0.585343 -2.94184 7.5 0.585343 -2.94184 2.5 0.821174 -2.88491 2.5 0.821174 -2.88491 7.5 
Q 78 0.350694 -1.96976 2.5 0.350694 -1.96976 7.5 0.586524 -1.91283 7.5 0.586524 -1.91283 2.5 
Q 78 0.585343 -2.94184 7.5 0.350694 -1.96976 7.5 0.586524 -1.91283 7.5 0.821174 -2.88491 7.5 
Q 78 0.585343 -2.94184 2.5 0.350694 -1.96976 2.5 0.586524 -1.91283 2.5 0.821174 -2.88491 2.5 
Q 79 0.867732 -2.87125 7.5 0.867732 -2.87125 2.5 1.09693 -2.79174 2.5 1.09693 -2.79174 7.5 
Q 79 0.539966 -1.92649 2.5 0.539966 -1.92649 7.5 0.769168 -1.84698 7.5 0.769168 -1.84698 2.5 
Q 79 0.867732 -2.87125 7.5 0.539966 -1.92649 7.5 0.769168 -1.84698 7.5 1.09693 -2.79174 7.5 
Q 79 0.867732 -2.87125 2.5 0.539966 -1.92649 2.5 0.769168 -1.84698 2.5 1.09693 -2.79174 2.5 
Q 80 1.14195 -2.77363 7.5 1.14195 -2.77363 2.5 1.36236 -2.67227 2.5 1.36236 -2.67227 7.5 
Q 80 0.724153 -1.86509 2.5 0.724153 -1.86509 7.5 0.944569 -1.76373 7.5 0.944569 -1.76373 2.5 
Q 80 1.14195 -2.77363 7.5 0.724153 -1.86509 7.5 0.944569 -1.76373 7.5 1.36236 -2.67227 7.5 
Q 80 1.14195 -2.77363 2.5 0.724153 -1.86509 2.5 0.944569 -1.76373 2.5 1.36236 -2.67227 2.5 
Q 81 1.40541 -2.64988 7.5 1.40541 -2.64988 2.5 1.61497 -2.52764 2.5 1.61497 -2.52764 7.5 
Q 81 0.901521 -1.78611 2.5 0.901521 -1.78611 7.5 1.11107 -1.66387 7.5 1.11107 -1.66387 2.5 
Q 81 1.40541 -2.64988 7.5 0.901521 -1.78611 7.5 1.11107 -1.66387 7.5 1.61497 -2.52764 7.5 
Q 81 1.40541 -2.64988 2.5 0.901521 -1.78611 2.5 1.11107 -1.66387 2.5 1.61497 -2.52764 2.5 
Q 82 1.65564 -2.50118 7.5 1.65564 -2.50118 2.5 1.85236 -2.3592 2.5 1.85236 -2.3592 7.5 
Q 82 1.0704 -1.69032 2.5 1.0704 -1.69032 7.5 1.26712 -1.54834 7.5 1.26712 -1.54834 2.5 
Q 82 1.65564 -2.50118 7.5 1.0704 -1.69032 7.5 1.26712 -1.54834 7.5 1.85236 -2.3592 7.5 
Q 82 1.65564 -2.50118 2.5 1.0704 -1.69032 2.5 1.26712 -1.54834 2.5 1.85236 -2.3592 2.5 
Q 83 1.89028 -2.32893 7.5 1.89028 -2.32893 2.5 2.07231 -2.16855 2.5 2.07231 -2.16855 7.5 
Q 83 1.2292 -1.57861 2.5 1.2292 -1.57861 7.5 1.41123 -1.41823 7.5 1.41123 -1.41823 2.5 
Q 83 1.89028 -2.32893 7.5 1.2292 -1.57861 7.5 1.41123 -1.41823 7.5 2.07231 -2.16855 7.5 
Q 83 1.89028 -2.32893 2.5 1.2292 -1.57861 2.5 1.41123 -1.41823 2.5 2.07231 -2.16855 2.5 
Q 84 1.24177 -4.29339 5 1.24177 0.70661 5 1.24177 0.70661 0.5 1.24177 -4.29339 0.5 
Q 84 2.24177 0.70661 5 2.24177 -4.29339 5 2.24177 -4.29339 0.5 2.24177 0.70661 0.5 
Q 84 1.24177 -4.29339 5 2.24177 -4.29339 5 2.24177 -4.29339 0.5 1.24177 -4.29339 0.5 
Q 84 1.24177 0.70661 5 2.24177 0.70661 5 2.24177 0.70661 0.5 1.24177 0.70661 0.5 
