0 This is an inductance picture 
Q 0 1.72277 1.74339 0.5 1.72277 1.84339 0.5 1.72277 1.84339 0 1.72277 1.74339 0 
Q 0 1.76077 1.84339 0.5 1.76077 1.74339 0.5 1.76077 1.74339 0 1.76077 1.84339 0 
Q 0 1.72277 1.74339 0.5 1.76077 1.74339 0.5 1.76077 1.74339 0 1.72277 1.74339 0 
Q 0 1.72277 1.84339 0.5 1.76077 1.84339 0.5 1.76077 1.84339 0 1.72277 1.84339 0 
Q 1 1.75433 1.80765 0.05 1.75433 1.80765 -0.05 1.5723 1.96803 -0.05 1.5723 1.96803 0.05 
Q 1 1.72921 1.77913 -0.05 1.72921 1.77913 0.05 1.54718 1.93951 0.05 1.54718 1.93951 -0.05 
Q 1 1.75433 1.80765 0.05 1.72921 1.77913 0.05 1.54718 1.93951 0.05 1.5723 1.96803 0.05 
Q 1 1.75433 1.80765 -0.05 1.72921 1.77913 -0.05 1.54718 1.93951 -0.05 1.5723 1.96803 -0.05 
Q 2 1.57086 1.96918 0.05 1.57086 1.96918 -0.05 1.37414 2.11116 -0.05 1.37414 2.11116 0.05 
Q 2 1.54862 1.93836 -0.05 1.54862 1.93836 0.05 1.3519 2.08035 0.05 1.3519 2.08035 -0.05 
Q 2 1.57086 1.96918 0.05 1.54862 1.93836 0.05 1.3519 2.08035 0.05 1.37414 2.11116 0.05 
Q 2 1.57086 1.96918 -0.05 1.54862 1.93836 -0.05 1.3519 2.08035 -0.05 1.37414 2.11116 -0.05 
Q 3 1.37259 2.11216 0.05 1.37259 2.11216 -0.05 1.16304 2.23441 -0.05 1.16304 2.23441 0.05 
Q 3 1.35345 2.07934 -0.05 1.35345 2.07934 0.05 1.14389 2.20159 0.05 1.14389 2.20159 -0.05 
Q 3 1.37259 2.11216 0.05 1.35345 2.07934 0.05 1.14389 2.20159 0.05 1.16304 2.23441 0.05 
Q 3 1.37259 2.11216 -0.05 1.35345 2.07934 -0.05 1.14389 2.20159 -0.05 1.16304 2.23441 -0.05 
Q 4 1.1614 2.23526 0.05 1.1614 2.23526 -0.05 0.940989 2.33662 -0.05 0.940989 2.33662 0.05 
Q 4 1.14553 2.20074 -0.05 1.14553 2.20074 0.05 0.925113 2.30209 0.05 0.925113 2.30209 -0.05 
Q 4 1.1614 2.23526 0.05 1.14553 2.20074 0.05 0.925113 2.30209 0.05 0.940989 2.33662 0.05 
Q 4 1.1614 2.23526 -0.05 1.14553 2.20074 -0.05 0.925113 2.30209 -0.05 0.940989 2.33662 -0.05 
Q 5 0.939278 2.33731 0.05 0.939278 2.33731 -0.05 0.710076 2.41682 -0.05 0.710076 2.41682 0.05 
Q 5 0.926823 2.30141 -0.05 0.926823 2.30141 0.05 0.697621 2.38092 0.05 0.697621 2.38092 -0.05 
Q 5 0.939278 2.33731 0.05 0.926823 2.30141 0.05 0.697621 2.38092 0.05 0.710076 2.41682 0.05 
Q 5 0.939278 2.33731 -0.05 0.926823 2.30141 -0.05 0.697621 2.38092 -0.05 0.710076 2.41682 -0.05 
Q 6 0.708307 2.41734 0.05 0.708307 2.41734 -0.05 0.472477 2.47427 -0.05 0.472477 2.47427 0.05 
Q 6 0.69939 2.3804 -0.05 0.69939 2.3804 0.05 0.46356 2.43733 0.05 0.46356 2.43733 -0.05 
Q 6 0.708307 2.41734 0.05 0.69939 2.3804 0.05 0.46356 2.43733 0.05 0.472477 2.47427 0.05 
Q 6 0.708307 2.41734 -0.05 0.69939 2.3804 -0.05 0.46356 2.43733 -0.05 0.472477 2.47427 -0.05 
Q 7 0.470666 2.47462 0.05 0.470666 2.47462 -0.05 0.230428 2.50842 -0.05 0.230428 2.50842 0.05 
Q 7 0.465371 2.43699 -0.05 0.465371 2.43699 0.05 0.225134 2.47079 0.05 0.225134 2.47079 -0.05 
Q 7 0.470666 2.47462 0.05 0.465371 2.43699 0.05 0.225134 2.47079 0.05 0.230428 2.50842 0.05 
Q 7 0.470666 2.47462 -0.05 0.465371 2.43699 -0.05 0.225134 2.47079 -0.05 0.230428 2.50842 -0.05 
Q 8 0.228592 2.50858 0.05 0.228592 2.50858 -0.05 -0.0137907 2.51894 -0.05 -0.0137907 2.51894 0.05 
Q 8 0.22697 2.47062 -0.05 0.22697 2.47062 0.05 -0.0154128 2.48097 0.05 -0.0154128 2.48097 -0.05 
Q 8 0.228592 2.50858 0.05 0.22697 2.47062 0.05 -0.0154128 2.48097 0.05 -0.0137907 2.51894 0.05 
Q 8 0.228592 2.50858 -0.05 0.22697 2.47062 -0.05 -0.0154128 2.48097 -0.05 -0.0137907 2.51894 -0.05 
Q 9 -0.0156345 2.51893 0.05 -0.0156345 2.51893 -0.05 -0.25788 2.50574 -0.05 -0.25788 2.50574 0.05 
Q 9 -0.013569 2.48099 -0.05 -0.013569 2.48099 0.05 -0.255814 2.4678 0.05 -0.255814 2.4678 -0.05 
Q 9 -0.0156345 2.51893 0.05 -0.013569 2.48099 0.05 -0.255814 2.4678 0.05 -0.25788 2.50574 0.05 
Q 9 -0.0156345 2.51893 -0.05 -0.013569 2.48099 -0.05 -0.255814 2.4678 -0.05 -0.25788 2.50574 -0.05 
Q 10 -0.259714 2.50555 0.05 -0.259714 2.50555 -0.05 -0.49954 2.46895 -0.05 -0.49954 2.46895 0.05 
Q 10 -0.25398 2.46799 -0.05 -0.25398 2.46799 0.05 -0.493807 2.43138 0.05 -0.493807 2.43138 -0.05 
Q 10 -0.259714 2.50555 0.05 -0.25398 2.46799 0.05 -0.493807 2.43138 0.05 -0.49954 2.46895 0.05 
Q 10 -0.259714 2.50555 -0.05 -0.25398 2.46799 -0.05 -0.493807 2.43138 -0.05 -0.49954 2.46895 -0.05 
Q 11 -0.501347 2.46858 0.05 -0.501347 2.46858 -0.05 -0.736496 2.4089 -0.05 -0.736496 2.4089 0.05 
Q 11 -0.492 2.43175 -0.05 -0.492 2.43175 0.05 -0.727149 2.37207 0.05 -0.727149 2.37207 -0.05 
Q 11 -0.501347 2.46858 0.05 -0.492 2.43175 0.05 -0.727149 2.37207 0.05 -0.736496 2.4089 0.05 
Q 11 -0.501347 2.46858 -0.05 -0.492 2.43175 -0.05 -0.727149 2.37207 -0.05 -0.736496 2.4089 -0.05 
Q 12 -0.738259 2.40837 0.05 -0.738259 2.40837 -0.05 -0.966517 2.32618 -0.05 -0.966517 2.32618 0.05 
Q 12 -0.725386 2.37261 -0.05 -0.725386 2.37261 0.05 -0.953643 2.29042 0.05 -0.953643 2.29042 -0.05 
Q 12 -0.738259 2.40837 0.05 -0.725386 2.37261 0.05 -0.953643 2.29042 0.05 -0.966517 2.32618 0.05 
Q 12 -0.738259 2.40837 -0.05 -0.725386 2.37261 -0.05 -0.953643 2.29042 -0.05 -0.966517 2.32618 -0.05 
Q 13 -0.968219 2.32547 0.05 -0.968219 2.32547 -0.05 -1.18744 2.22154 -0.05 -1.18744 2.22154 0.05 
Q 13 -0.951941 2.29113 -0.05 -0.951941 2.29113 0.05 -1.17116 2.1872 0.05 -1.17116 2.1872 -0.05 
Q 13 -0.968219 2.32547 0.05 -0.951941 2.29113 0.05 -1.17116 2.1872 0.05 -1.18744 2.22154 0.05 
Q 13 -0.968219 2.32547 -0.05 -0.951941 2.29113 -0.05 -1.17116 2.1872 -0.05 -1.18744 2.22154 -0.05 
Q 14 -1.18906 2.22067 0.05 -1.18906 2.22067 -0.05 -1.39717 2.09599 -0.05 -1.39717 2.09599 0.05 
Q 14 -1.16953 2.18807 -0.05 -1.16953 2.18807 0.05 -1.37764 2.06339 0.05 -1.37764 2.06339 -0.05 
Q 14 -1.18906 2.22067 0.05 -1.16953 2.18807 0.05 -1.37764 2.06339 0.05 -1.39717 2.09599 0.05 
Q 14 -1.18906 2.22067 -0.05 -1.16953 2.18807 -0.05 -1.37764 2.06339 -0.05 -1.39717 2.09599 -0.05 
Q 15 -1.39871 2.09496 0.05 -1.39871 2.09496 -0.05 -1.59375 1.95069 -0.05 -1.59375 1.95069 0.05 
Q 15 -1.37611 2.06441 -0.05 -1.37611 2.06441 0.05 -1.57115 1.92014 0.05 -1.57115 1.92014 -0.05 
Q 15 -1.39871 2.09496 0.05 -1.37611 2.06441 0.05 -1.57115 1.92014 0.05 -1.59375 1.95069 0.05 
Q 15 -1.39871 2.09496 -0.05 -1.37611 2.06441 -0.05 -1.57115 1.92014 -0.05 -1.59375 1.95069 -0.05 
Q 16 -1.59518 1.94953 0.05 -1.59518 1.94953 -0.05 -1.77532 1.78703 -0.05 -1.77532 1.78703 0.05 
Q 16 -1.56973 1.92131 -0.05 -1.56973 1.92131 0.05 -1.74987 1.75881 0.05 -1.74987 1.75881 -0.05 
Q 16 -1.59518 1.94953 0.05 -1.56973 1.92131 0.05 -1.74987 1.75881 0.05 -1.77532 1.78703 0.05 
Q 16 -1.59518 1.94953 -0.05 -1.56973 1.92131 -0.05 -1.74987 1.75881 -0.05 -1.77532 1.78703 -0.05 
Q 17 -1.77663 1.78573 0.05 -1.77663 1.78573 -0.05 -1.94018 1.60654 -0.05 -1.94018 1.60654 0.05 
Q 17 -1.74856 1.76011 -0.05 -1.74856 1.76011 0.05 -1.91211 1.58092 0.05 -1.91211 1.58092 -0.05 
Q 17 -1.77663 1.78573 0.05 -1.74856 1.76011 0.05 -1.91211 1.58092 0.05 -1.94018 1.60654 0.05 
Q 17 -1.77663 1.78573 -0.05 -1.74856 1.76011 -0.05 -1.91211 1.58092 -0.05 -1.94018 1.60654 -0.05 
Q 18 -1.94135 1.60512 0.05 -1.94135 1.60512 -0.05 -2.08676 1.41092 -0.05 -2.08676 1.41092 0.05 
Q 18 -1.91093 1.58234 -0.05 -1.91093 1.58234 0.05 -2.05634 1.38814 0.05 -2.05634 1.38814 -0.05 
Q 18 -1.94135 1.60512 0.05 -1.91093 1.58234 0.05 -2.05634 1.38814 0.05 -2.08676 1.41092 0.05 
Q 18 -1.94135 1.60512 -0.05 -1.91093 1.58234 -0.05 -2.05634 1.38814 -0.05 -2.08676 1.41092 -0.05 
Q 19 -2.08779 1.40939 0.05 -2.08779 1.40939 -0.05 -2.21369 1.20201 -0.05 -2.21369 1.20201 0.05 
Q 19 -2.05531 1.38967 -0.05 -2.05531 1.38967 0.05 -2.18121 1.18229 0.05 -2.18121 1.18229 -0.05 
Q 19 -2.08779 1.40939 0.05 -2.05531 1.38967 0.05 -2.18121 1.18229 0.05 -2.21369 1.20201 0.05 
Q 19 -2.08779 1.40939 -0.05 -2.05531 1.38967 -0.05 -2.18121 1.18229 -0.05 -2.21369 1.20201 -0.05 
Q 20 -2.21457 1.20039 0.05 -2.21457 1.20039 -0.05 -2.31977 0.981785 -0.05 -2.31977 0.981785 0.05 
Q 20 -2.18033 1.18391 -0.05 -2.18033 1.18391 0.05 -2.28553 0.965307 0.05 -2.28553 0.965307 -0.05 
Q 20 -2.21457 1.20039 0.05 -2.18033 1.18391 0.05 -2.28553 0.965307 0.05 -2.31977 0.981785 0.05 
Q 20 -2.21457 1.20039 -0.05 -2.18033 1.18391 -0.05 -2.28553 0.965307 -0.05 -2.31977 0.981785 -0.05 
Q 21 -2.32165 1.02355 0 -2.32165 0.923546 0 -2.32165 0.923546 5 -2.32165 1.02355 5 
Q 21 -2.28365 0.923546 0 -2.28365 1.02355 0 -2.28365 1.02355 5 -2.28365 0.923546 5 
Q 21 -2.32165 1.02355 0 -2.28365 1.02355 0 -2.28365 1.02355 5 -2.32165 1.02355 5 
Q 21 -2.32165 0.923546 0 -2.28365 0.923546 0 -2.28365 0.923546 5 -2.32165 0.923546 5 
Q 22 -2.2857 0.964966 5.05 -2.2857 0.964966 4.95 -2.13106 1.27049 4.95 -2.13106 1.27049 5.05 
Q 22 -2.3196 0.982126 4.95 -2.3196 0.982126 5.05 -2.16497 1.28765 5.05 -2.16497 1.28765 4.95 
Q 22 -2.2857 0.964966 5.05 -2.3196 0.982126 5.05 -2.16497 1.28765 5.05 -2.13106 1.27049 5.05 
Q 22 -2.2857 0.964966 4.95 -2.3196 0.982126 4.95 -2.16497 1.28765 4.95 -2.13106 1.27049 4.95 
Q 23 -2.1324 1.26826 5.05 -2.1324 1.26826 4.95 -1.93746 1.54979 4.95 -1.93746 1.54979 5.05 
Q 23 -2.16364 1.28989 4.95 -2.16364 1.28989 5.05 -1.9687 1.57142 5.05 -1.9687 1.57142 4.95 
Q 23 -2.1324 1.26826 5.05 -2.16364 1.28989 5.05 -1.9687 1.57142 5.05 -1.93746 1.54979 5.05 
Q 23 -2.1324 1.26826 4.95 -2.16364 1.28989 4.95 -1.9687 1.57142 4.95 -1.93746 1.54979 4.95 
Q 24 -1.93908 1.54775 5.05 -1.93908 1.54775 4.95 -1.70751 1.8 4.95 -1.70751 1.8 5.05 
Q 24 -1.96708 1.57345 4.95 -1.96708 1.57345 5.05 -1.7355 1.8257 5.05 -1.7355 1.8257 4.95 
Q 24 -1.93908 1.54775 5.05 -1.96708 1.57345 5.05 -1.7355 1.8257 5.05 -1.70751 1.8 5.05 
Q 24 -1.93908 1.54775 4.95 -1.96708 1.57345 4.95 -1.7355 1.8257 4.95 -1.70751 1.8 4.95 
Q 25 -1.70939 1.79821 5.05 -1.70939 1.79821 4.95 -1.44552 2.01645 4.95 -1.44552 2.01645 5.05 
Q 25 -1.73361 1.82749 4.95 -1.73361 1.82749 5.05 -1.46973 2.04573 5.05 -1.46973 2.04573 4.95 
Q 25 -1.70939 1.79821 5.05 -1.73361 1.82749 5.05 -1.46973 2.04573 5.05 -1.44552 2.01645 5.05 
Q 25 -1.70939 1.79821 4.95 -1.73361 1.82749 4.95 -1.46973 2.04573 4.95 -1.44552 2.01645 4.95 
Q 26 -1.44763 2.01493 5.05 -1.44763 2.01493 4.95 -1.15641 2.19506 4.95 -1.15641 2.19506 5.05 
Q 26 -1.46762 2.04725 4.95 -1.46762 2.04725 5.05 -1.1764 2.22738 5.05 -1.1764 2.22738 4.95 
Q 26 -1.44763 2.01493 5.05 -1.46762 2.04725 5.05 -1.1764 2.22738 5.05 -1.15641 2.19506 5.05 
Q 26 -1.44763 2.01493 4.95 -1.46762 2.04725 4.95 -1.1764 2.22738 4.95 -1.15641 2.19506 4.95 
Q 27 -1.15871 2.19385 5.05 -1.15871 2.19385 4.95 -0.845602 2.3325 4.95 -0.845602 2.3325 5.05 
Q 27 -1.17409 2.2286 4.95 -1.17409 2.2286 5.05 -0.860987 2.36724 5.05 -0.860987 2.36724 4.95 
Q 27 -1.15871 2.19385 5.05 -1.17409 2.2286 5.05 -0.860987 2.36724 5.05 -0.845602 2.3325 5.05 
Q 27 -1.15871 2.19385 4.95 -1.17409 2.2286 4.95 -0.860987 2.36724 4.95 -0.845602 2.3325 4.95 
Q 28 -0.848048 2.33161 5.05 -0.848048 2.33161 4.95 -0.518932 2.42617 4.95 -0.518932 2.42617 5.05 
Q 28 -0.858541 2.36813 4.95 -0.858541 2.36813 5.05 -0.529425 2.46269 5.05 -0.529425 2.46269 4.95 
Q 28 -0.848048 2.33161 5.05 -0.858541 2.36813 5.05 -0.529425 2.46269 5.05 -0.518932 2.42617 5.05 
Q 28 -0.848048 2.33161 4.95 -0.858541 2.36813 4.95 -0.529425 2.46269 4.95 -0.518932 2.42617 4.95 
Q 29 -0.521476 2.42562 5.05 -0.521476 2.42562 4.95 -0.182526 2.47432 4.95 -0.182526 2.47432 5.05 
Q 29 -0.526881 2.46324 4.95 -0.526881 2.46324 5.05 -0.18793 2.51194 5.05 -0.18793 2.51194 4.95 
Q 29 -0.521476 2.42562 5.05 -0.526881 2.46324 5.05 -0.18793 2.51194 5.05 -0.182526 2.47432 5.05 
Q 29 -0.521476 2.42562 4.95 -0.526881 2.46324 4.95 -0.18793 2.51194 4.95 -0.182526 2.47432 4.95 
Q 30 -0.185122 2.47413 5.05 -0.185122 2.47413 4.95 0.157304 2.47605 4.95 0.157304 2.47605 5.05 
Q 30 -0.185335 2.51213 4.95 -0.185335 2.51213 5.05 0.15709 2.51405 5.05 0.15709 2.51405 4.95 
Q 30 -0.185122 2.47413 5.05 -0.185335 2.51213 5.05 0.15709 2.51405 5.05 0.157304 2.47605 5.05 
Q 30 -0.185122 2.47413 4.95 -0.185335 2.51213 4.95 0.15709 2.51405 4.95 0.157304 2.47605 4.95 
Q 31 0.154707 2.47622 5.05 0.154707 2.47622 4.95 0.494183 2.43133 4.95 0.494183 2.43133 5.05 
Q 31 0.159688 2.51389 4.95 0.159688 2.51389 5.05 0.499164 2.469 5.05 0.499164 2.469 4.95 
Q 31 0.154707 2.47622 5.05 0.159688 2.51389 5.05 0.499164 2.469 5.05 0.494183 2.43133 5.05 
Q 31 0.154707 2.47622 4.95 0.159688 2.51389 4.95 0.499164 2.469 4.95 0.494183 2.43133 4.95 
Q 32 0.491632 2.43185 5.05 0.491632 2.43185 4.95 0.82179 2.34099 4.95 0.82179 2.34099 5.05 
Q 32 0.501714 2.46849 4.95 0.501714 2.46849 5.05 0.831872 2.37763 5.05 0.831872 2.37763 4.95 
Q 32 0.491632 2.43185 5.05 0.501714 2.46849 5.05 0.831872 2.37763 5.05 0.82179 2.34099 5.05 
Q 32 0.491632 2.43185 4.95 0.501714 2.46849 4.95 0.831872 2.37763 4.95 0.82179 2.34099 4.95 
Q 33 0.819334 2.34185 5.05 0.819334 2.34185 4.95 1.13398 2.20673 4.95 1.13398 2.20673 5.05 
Q 33 0.834328 2.37677 4.95 0.834328 2.37677 5.05 1.14897 2.24165 5.05 1.14897 2.24165 4.95 
Q 33 0.819334 2.34185 5.05 0.834328 2.37677 5.05 1.14897 2.24165 5.05 1.13398 2.20673 5.05 
Q 33 0.819334 2.34185 4.95 0.834328 2.37677 4.95 1.14897 2.24165 4.95 1.13398 2.20673 4.95 
Q 34 1.13166 2.20792 5.05 1.13166 2.20792 4.95 1.42489 2.03107 4.95 1.42489 2.03107 5.05 
Q 34 1.15129 2.24046 4.95 1.15129 2.24046 5.05 1.44452 2.06361 5.05 1.44452 2.06361 4.95 
Q 34 1.13166 2.20792 5.05 1.15129 2.24046 5.05 1.44452 2.06361 5.05 1.42489 2.03107 5.05 
Q 34 1.13166 2.20792 4.95 1.15129 2.24046 4.95 1.44452 2.06361 4.95 1.42489 2.03107 4.95 
Q 35 1.42276 2.03257 5.05 1.42276 2.03257 4.95 1.68907 1.81731 4.95 1.68907 1.81731 5.05 
Q 35 1.44665 2.06212 4.95 1.44665 2.06212 5.05 1.71296 1.84686 5.05 1.71296 1.84686 4.95 
Q 35 1.42276 2.03257 5.05 1.44665 2.06212 5.05 1.71296 1.84686 5.05 1.68907 1.81731 5.05 
Q 35 1.42276 2.03257 4.95 1.44665 2.06212 4.95 1.71296 1.84686 4.95 1.68907 1.81731 4.95 
Q 36 1.68717 1.81908 5.05 1.68717 1.81908 4.95 1.92157 1.56945 4.95 1.92157 1.56945 5.05 
Q 36 1.71487 1.84509 4.95 1.71487 1.84509 5.05 1.94927 1.59546 5.05 1.94927 1.59546 4.95 
Q 36 1.68717 1.81908 5.05 1.71487 1.84509 5.05 1.94927 1.59546 5.05 1.92157 1.56945 5.05 
Q 36 1.68717 1.81908 4.95 1.71487 1.84509 4.95 1.94927 1.59546 4.95 1.92157 1.56945 4.95 
Q 37 1.91992 1.57146 5.05 1.91992 1.57146 4.95 2.11801 1.29214 4.95 2.11801 1.29214 5.05 
Q 37 1.95092 1.59344 4.95 1.95092 1.59344 5.05 2.149 1.31412 5.05 2.149 1.31412 4.95 
Q 37 1.91992 1.57146 5.05 1.95092 1.59344 5.05 2.149 1.31412 5.05 2.11801 1.29214 5.05 
Q 37 1.91992 1.57146 4.95 1.95092 1.59344 4.95 2.149 1.31412 4.95 2.11801 1.29214 4.95 
Q 38 2.11665 1.29436 5.05 2.11665 1.29436 4.95 2.27471 0.990593 4.95 2.27471 0.990593 5.05 
Q 38 2.15036 1.3119 4.95 2.15036 1.3119 5.05 2.30842 1.00813 5.05 2.30842 1.00813 4.95 
Q 38 2.11665 1.29436 5.05 2.15036 1.3119 5.05 2.30842 1.00813 5.05 2.27471 0.990593 5.05 
Q 38 2.11665 1.29436 4.95 2.15036 1.3119 4.95 2.30842 1.00813 4.95 2.27471 0.990593 4.95 
Q 39 2.27367 0.992979 5.05 2.27367 0.992979 4.95 2.38874 0.67046 4.95 2.38874 0.67046 5.05 
Q 39 2.30946 1.00575 4.95 2.30946 1.00575 5.05 2.42453 0.683229 5.05 2.42453 0.683229 4.95 
Q 39 2.27367 0.992979 5.05 2.30946 1.00575 5.05 2.42453 0.683229 5.05 2.38874 0.67046 5.05 
Q 39 2.27367 0.992979 4.95 2.30946 1.00575 4.95 2.42453 0.683229 4.95 2.38874 0.67046 4.95 
Q 40 2.38803 0.672965 5.05 2.38803 0.672965 4.95 2.45795 0.337748 4.95 2.45795 0.337748 5.05 
Q 40 2.42523 0.680724 4.95 2.42523 0.680724 5.05 2.49515 0.345506 5.05 2.49515 0.345506 4.95 
Q 40 2.38803 0.672965 5.05 2.42523 0.680724 5.05 2.49515 0.345506 5.05 2.45795 0.337748 5.05 
Q 40 2.38803 0.672965 4.95 2.42523 0.680724 4.95 2.49515 0.345506 4.95 2.45795 0.337748 4.95 
Q 41 2.45759 0.340326 5.05 2.45759 0.340326 4.95 2.48104 -0.00130124 4.95 2.48104 -0.00130124 5.05 
Q 41 2.4955 0.342928 4.95 2.4955 0.342928 5.05 2.51896 0.00130124 5.05 2.51896 0.00130124 4.95 
Q 41 2.45759 0.340326 5.05 2.4955 0.342928 5.05 2.51896 0.00130124 5.05 2.48104 -0.00130124 5.05 
Q 41 2.45759 0.340326 4.95 2.4955 0.342928 4.95 2.51896 0.00130124 4.95 2.48104 -0.00130124 4.95 
Q 42 2.481 -0.05 5 2.481 0.05 5 2.481 0.05 0 2.481 -0.05 0 
Q 42 2.519 0.05 5 2.519 -0.05 5 2.519 -0.05 0 2.519 0.05 0 
Q 42 2.481 -0.05 5 2.519 -0.05 5 2.519 -0.05 0 2.481 -0.05 0 
Q 42 2.481 0.05 5 2.519 0.05 5 2.519 0.05 0 2.481 0.05 0 
Q 43 2.48104 0.00130124 0.05 2.48104 0.00130124 -0.05 2.45759 -0.340326 -0.05 2.45759 -0.340326 0.05 
Q 43 2.51896 -0.00130124 -0.05 2.51896 -0.00130124 0.05 2.4955 -0.342928 0.05 2.4955 -0.342928 -0.05 
Q 43 2.48104 0.00130124 0.05 2.51896 -0.00130124 0.05 2.4955 -0.342928 0.05 2.45759 -0.340326 0.05 
Q 43 2.48104 0.00130124 -0.05 2.51896 -0.00130124 -0.05 2.4955 -0.342928 -0.05 2.45759 -0.340326 -0.05 
Q 44 2.45795 -0.337748 0.05 2.45795 -0.337748 -0.05 2.38803 -0.672965 -0.05 2.38803 -0.672965 0.05 
Q 44 2.49515 -0.345506 -0.05 2.49515 -0.345506 0.05 2.42523 -0.680724 0.05 2.42523 -0.680724 -0.05 
Q 44 2.45795 -0.337748 0.05 2.49515 -0.345506 0.05 2.42523 -0.680724 0.05 2.38803 -0.672965 0.05 
Q 44 2.45795 -0.337748 -0.05 2.49515 -0.345506 -0.05 2.42523 -0.680724 -0.05 2.38803 -0.672965 -0.05 
Q 45 2.38874 -0.67046 0.05 2.38874 -0.67046 -0.05 2.27367 -0.992979 -0.05 2.27367 -0.992979 0.05 
Q 45 2.42453 -0.683229 -0.05 2.42453 -0.683229 0.05 2.30946 -1.00575 0.05 2.30946 -1.00575 -0.05 
Q 45 2.38874 -0.67046 0.05 2.42453 -0.683229 0.05 2.30946 -1.00575 0.05 2.27367 -0.992979 0.05 
Q 45 2.38874 -0.67046 -0.05 2.42453 -0.683229 -0.05 2.30946 -1.00575 -0.05 2.27367 -0.992979 -0.05 
Q 46 2.27471 -0.990593 0.05 2.27471 -0.990593 -0.05 2.11665 -1.29436 -0.05 2.11665 -1.29436 0.05 
Q 46 2.30842 -1.00813 -0.05 2.30842 -1.00813 0.05 2.15036 -1.3119 0.05 2.15036 -1.3119 -0.05 
Q 46 2.27471 -0.990593 0.05 2.30842 -1.00813 0.05 2.15036 -1.3119 0.05 2.11665 -1.29436 0.05 
Q 46 2.27471 -0.990593 -0.05 2.30842 -1.00813 -0.05 2.15036 -1.3119 -0.05 2.11665 -1.29436 -0.05 
Q 47 2.11801 -1.29214 0.05 2.11801 -1.29214 -0.05 1.91992 -1.57146 -0.05 1.91992 -1.57146 0.05 
Q 47 2.149 -1.31412 -0.05 2.149 -1.31412 0.05 1.95092 -1.59344 0.05 1.95092 -1.59344 -0.05 
Q 47 2.11801 -1.29214 0.05 2.149 -1.31412 0.05 1.95092 -1.59344 0.05 1.91992 -1.57146 0.05 
Q 47 2.11801 -1.29214 -0.05 2.149 -1.31412 -0.05 1.95092 -1.59344 -0.05 1.91992 -1.57146 -0.05 
Q 48 1.92157 -1.56945 0.05 1.92157 -1.56945 -0.05 1.68717 -1.81908 -0.05 1.68717 -1.81908 0.05 
Q 48 1.94927 -1.59546 -0.05 1.94927 -1.59546 0.05 1.71487 -1.84509 0.05 1.71487 -1.84509 -0.05 
Q 48 1.92157 -1.56945 0.05 1.94927 -1.59546 0.05 1.71487 -1.84509 0.05 1.68717 -1.81908 0.05 
Q 48 1.92157 -1.56945 -0.05 1.94927 -1.59546 -0.05 1.71487 -1.84509 -0.05 1.68717 -1.81908 -0.05 
Q 49 1.68907 -1.81731 0.05 1.68907 -1.81731 -0.05 1.42276 -2.03257 -0.05 1.42276 -2.03257 0.05 
Q 49 1.71296 -1.84686 -0.05 1.71296 -1.84686 0.05 1.44665 -2.06212 0.05 1.44665 -2.06212 -0.05 
Q 49 1.68907 -1.81731 0.05 1.71296 -1.84686 0.05 1.44665 -2.06212 0.05 1.42276 -2.03257 0.05 
Q 49 1.68907 -1.81731 -0.05 1.71296 -1.84686 -0.05 1.44665 -2.06212 -0.05 1.42276 -2.03257 -0.05 
Q 50 1.42489 -2.03107 0.05 1.42489 -2.03107 -0.05 1.13166 -2.20792 -0.05 1.13166 -2.20792 0.05 
Q 50 1.44452 -2.06361 -0.05 1.44452 -2.06361 0.05 1.15129 -2.24046 0.05 1.15129 -2.24046 -0.05 
Q 50 1.42489 -2.03107 0.05 1.44452 -2.06361 0.05 1.15129 -2.24046 0.05 1.13166 -2.20792 0.05 
Q 50 1.42489 -2.03107 -0.05 1.44452 -2.06361 -0.05 1.15129 -2.24046 -0.05 1.13166 -2.20792 -0.05 
Q 51 1.13398 -2.20673 0.05 1.13398 -2.20673 -0.05 0.819334 -2.34185 -0.05 0.819334 -2.34185 0.05 
Q 51 1.14897 -2.24165 -0.05 1.14897 -2.24165 0.05 0.834328 -2.37677 0.05 0.834328 -2.37677 -0.05 
Q 51 1.13398 -2.20673 0.05 1.14897 -2.24165 0.05 0.834328 -2.37677 0.05 0.819334 -2.34185 0.05 
Q 51 1.13398 -2.20673 -0.05 1.14897 -2.24165 -0.05 0.834328 -2.37677 -0.05 0.819334 -2.34185 -0.05 
Q 52 0.82179 -2.34099 0.05 0.82179 -2.34099 -0.05 0.491632 -2.43185 -0.05 0.491632 -2.43185 0.05 
Q 52 0.831872 -2.37763 -0.05 0.831872 -2.37763 0.05 0.501714 -2.46849 0.05 0.501714 -2.46849 -0.05 
Q 52 0.82179 -2.34099 0.05 0.831872 -2.37763 0.05 0.501714 -2.46849 0.05 0.491632 -2.43185 0.05 
Q 52 0.82179 -2.34099 -0.05 0.831872 -2.37763 -0.05 0.501714 -2.46849 -0.05 0.491632 -2.43185 -0.05 
Q 53 0.494183 -2.43133 0.05 0.494183 -2.43133 -0.05 0.154707 -2.47622 -0.05 0.154707 -2.47622 0.05 
Q 53 0.499164 -2.469 -0.05 0.499164 -2.469 0.05 0.159688 -2.51389 0.05 0.159688 -2.51389 -0.05 
Q 53 0.494183 -2.43133 0.05 0.499164 -2.469 0.05 0.159688 -2.51389 0.05 0.154707 -2.47622 0.05 
Q 53 0.494183 -2.43133 -0.05 0.499164 -2.469 -0.05 0.159688 -2.51389 -0.05 0.154707 -2.47622 -0.05 
Q 54 0.157304 -2.47605 0.05 0.157304 -2.47605 -0.05 -0.185122 -2.47413 -0.05 -0.185122 -2.47413 0.05 
Q 54 0.15709 -2.51405 -0.05 0.15709 -2.51405 0.05 -0.185335 -2.51213 0.05 -0.185335 -2.51213 -0.05 
Q 54 0.157304 -2.47605 0.05 0.15709 -2.51405 0.05 -0.185335 -2.51213 0.05 -0.185122 -2.47413 0.05 
Q 54 0.157304 -2.47605 -0.05 0.15709 -2.51405 -0.05 -0.185335 -2.51213 -0.05 -0.185122 -2.47413 -0.05 
Q 55 -0.182526 -2.47432 0.05 -0.182526 -2.47432 -0.05 -0.521476 -2.42562 -0.05 -0.521476 -2.42562 0.05 
Q 55 -0.18793 -2.51194 -0.05 -0.18793 -2.51194 0.05 -0.526881 -2.46324 0.05 -0.526881 -2.46324 -0.05 
Q 55 -0.182526 -2.47432 0.05 -0.18793 -2.51194 0.05 -0.526881 -2.46324 0.05 -0.521476 -2.42562 0.05 
Q 55 -0.182526 -2.47432 -0.05 -0.18793 -2.51194 -0.05 -0.526881 -2.46324 -0.05 -0.521476 -2.42562 -0.05 
Q 56 -0.518932 -2.42617 0.05 -0.518932 -2.42617 -0.05 -0.848048 -2.33161 -0.05 -0.848048 -2.33161 0.05 
Q 56 -0.529425 -2.46269 -0.05 -0.529425 -2.46269 0.05 -0.858541 -2.36813 0.05 -0.858541 -2.36813 -0.05 
Q 56 -0.518932 -2.42617 0.05 -0.529425 -2.46269 0.05 -0.858541 -2.36813 0.05 -0.848048 -2.33161 0.05 
Q 56 -0.518932 -2.42617 -0.05 -0.529425 -2.46269 -0.05 -0.858541 -2.36813 -0.05 -0.848048 -2.33161 -0.05 
Q 57 -0.845602 -2.3325 0.05 -0.845602 -2.3325 -0.05 -1.15871 -2.19385 -0.05 -1.15871 -2.19385 0.05 
Q 57 -0.860987 -2.36724 -0.05 -0.860987 -2.36724 0.05 -1.17409 -2.2286 0.05 -1.17409 -2.2286 -0.05 
Q 57 -0.845602 -2.3325 0.05 -0.860987 -2.36724 0.05 -1.17409 -2.2286 0.05 -1.15871 -2.19385 0.05 
Q 57 -0.845602 -2.3325 -0.05 -0.860987 -2.36724 -0.05 -1.17409 -2.2286 -0.05 -1.15871 -2.19385 -0.05 
Q 58 -1.15641 -2.19506 0.05 -1.15641 -2.19506 -0.05 -1.44763 -2.01493 -0.05 -1.44763 -2.01493 0.05 
Q 58 -1.1764 -2.22738 -0.05 -1.1764 -2.22738 0.05 -1.46762 -2.04725 0.05 -1.46762 -2.04725 -0.05 
Q 58 -1.15641 -2.19506 0.05 -1.1764 -2.22738 0.05 -1.46762 -2.04725 0.05 -1.44763 -2.01493 0.05 
Q 58 -1.15641 -2.19506 -0.05 -1.1764 -2.22738 -0.05 -1.46762 -2.04725 -0.05 -1.44763 -2.01493 -0.05 
Q 59 -1.44552 -2.01645 0.05 -1.44552 -2.01645 -0.05 -1.70939 -1.79821 -0.05 -1.70939 -1.79821 0.05 
Q 59 -1.46973 -2.04573 -0.05 -1.46973 -2.04573 0.05 -1.73361 -1.82749 0.05 -1.73361 -1.82749 -0.05 
Q 59 -1.44552 -2.01645 0.05 -1.46973 -2.04573 0.05 -1.73361 -1.82749 0.05 -1.70939 -1.79821 0.05 
Q 59 -1.44552 -2.01645 -0.05 -1.46973 -2.04573 -0.05 -1.73361 -1.82749 -0.05 -1.70939 -1.79821 -0.05 
Q 60 -1.70751 -1.8 0.05 -1.70751 -1.8 -0.05 -1.93908 -1.54775 -0.05 -1.93908 -1.54775 0.05 
Q 60 -1.7355 -1.8257 -0.05 -1.7355 -1.8257 0.05 -1.96708 -1.57345 0.05 -1.96708 -1.57345 -0.05 
Q 60 -1.70751 -1.8 0.05 -1.7355 -1.8257 0.05 -1.96708 -1.57345 0.05 -1.93908 -1.54775 0.05 
Q 60 -1.70751 -1.8 -0.05 -1.7355 -1.8257 -0.05 -1.96708 -1.57345 -0.05 -1.93908 -1.54775 -0.05 
Q 61 -1.93746 -1.54979 0.05 -1.93746 -1.54979 -0.05 -2.1324 -1.26826 -0.05 -2.1324 -1.26826 0.05 
Q 61 -1.9687 -1.57142 -0.05 -1.9687 -1.57142 0.05 -2.16364 -1.28989 0.05 -2.16364 -1.28989 -0.05 
Q 61 -1.93746 -1.54979 0.05 -1.9687 -1.57142 0.05 -2.16364 -1.28989 0.05 -2.1324 -1.26826 0.05 
Q 61 -1.93746 -1.54979 -0.05 -1.9687 -1.57142 -0.05 -2.16364 -1.28989 -0.05 -2.1324 -1.26826 -0.05 
Q 62 -2.13106 -1.27049 0.05 -2.13106 -1.27049 -0.05 -2.2857 -0.964966 -0.05 -2.2857 -0.964966 0.05 
Q 62 -2.16497 -1.28765 -0.05 -2.16497 -1.28765 0.05 -2.3196 -0.982126 0.05 -2.3196 -0.982126 -0.05 
Q 62 -2.13106 -1.27049 0.05 -2.16497 -1.28765 0.05 -2.3196 -0.982126 0.05 -2.2857 -0.964966 0.05 
Q 62 -2.13106 -1.27049 -0.05 -2.16497 -1.28765 -0.05 -2.3196 -0.982126 -0.05 -2.2857 -0.964966 -0.05 
Q 63 -2.32165 -0.923546 0 -2.32165 -1.02355 0 -2.32165 -1.02355 5 -2.32165 -0.923546 5 
Q 63 -2.28365 -1.02355 0 -2.28365 -0.923546 0 -2.28365 -0.923546 5 -2.28365 -1.02355 5 
Q 63 -2.32165 -0.923546 0 -2.28365 -0.923546 0 -2.28365 -0.923546 5 -2.32165 -0.923546 5 
Q 63 -2.32165 -1.02355 0 -2.28365 -1.02355 0 -2.28365 -1.02355 5 -2.32165 -1.02355 5 
Q 64 -2.31977 -0.981785 5.05 -2.31977 -0.981785 4.95 -2.21457 -1.20039 4.95 -2.21457 -1.20039 5.05 
Q 64 -2.28553 -0.965307 4.95 -2.28553 -0.965307 5.05 -2.18033 -1.18391 5.05 -2.18033 -1.18391 4.95 
Q 64 -2.31977 -0.981785 5.05 -2.28553 -0.965307 5.05 -2.18033 -1.18391 5.05 -2.21457 -1.20039 5.05 
Q 64 -2.31977 -0.981785 4.95 -2.28553 -0.965307 4.95 -2.18033 -1.18391 4.95 -2.21457 -1.20039 4.95 
Q 65 -2.21369 -1.20201 5.05 -2.21369 -1.20201 4.95 -2.08779 -1.40939 4.95 -2.08779 -1.40939 5.05 
Q 65 -2.18121 -1.18229 4.95 -2.18121 -1.18229 5.05 -2.05531 -1.38967 5.05 -2.05531 -1.38967 4.95 
Q 65 -2.21369 -1.20201 5.05 -2.18121 -1.18229 5.05 -2.05531 -1.38967 5.05 -2.08779 -1.40939 5.05 
Q 65 -2.21369 -1.20201 4.95 -2.18121 -1.18229 4.95 -2.05531 -1.38967 4.95 -2.08779 -1.40939 4.95 
Q 66 -2.08676 -1.41092 5.05 -2.08676 -1.41092 4.95 -1.94135 -1.60512 4.95 -1.94135 -1.60512 5.05 
Q 66 -2.05634 -1.38814 4.95 -2.05634 -1.38814 5.05 -1.91093 -1.58234 5.05 -1.91093 -1.58234 4.95 
Q 66 -2.08676 -1.41092 5.05 -2.05634 -1.38814 5.05 -1.91093 -1.58234 5.05 -1.94135 -1.60512 5.05 
Q 66 -2.08676 -1.41092 4.95 -2.05634 -1.38814 4.95 -1.91093 -1.58234 4.95 -1.94135 -1.60512 4.95 
Q 67 -1.94018 -1.60654 5.05 -1.94018 -1.60654 4.95 -1.77663 -1.78573 4.95 -1.77663 -1.78573 5.05 
Q 67 -1.91211 -1.58092 4.95 -1.91211 -1.58092 5.05 -1.74856 -1.76011 5.05 -1.74856 -1.76011 4.95 
Q 67 -1.94018 -1.60654 5.05 -1.91211 -1.58092 5.05 -1.74856 -1.76011 5.05 -1.77663 -1.78573 5.05 
Q 67 -1.94018 -1.60654 4.95 -1.91211 -1.58092 4.95 -1.74856 -1.76011 4.95 -1.77663 -1.78573 4.95 
Q 68 -1.77532 -1.78703 5.05 -1.77532 -1.78703 4.95 -1.59518 -1.94953 4.95 -1.59518 -1.94953 5.05 
Q 68 -1.74987 -1.75881 4.95 -1.74987 -1.75881 5.05 -1.56973 -1.92131 5.05 -1.56973 -1.92131 4.95 
Q 68 -1.77532 -1.78703 5.05 -1.74987 -1.75881 5.05 -1.56973 -1.92131 5.05 -1.59518 -1.94953 5.05 
Q 68 -1.77532 -1.78703 4.95 -1.74987 -1.75881 4.95 -1.56973 -1.92131 4.95 -1.59518 -1.94953 4.95 
Q 69 -1.59375 -1.95069 5.05 -1.59375 -1.95069 4.95 -1.39871 -2.09496 4.95 -1.39871 -2.09496 5.05 
Q 69 -1.57115 -1.92014 4.95 -1.57115 -1.92014 5.05 -1.37611 -2.06441 5.05 -1.37611 -2.06441 4.95 
Q 69 -1.59375 -1.95069 5.05 -1.57115 -1.92014 5.05 -1.37611 -2.06441 5.05 -1.39871 -2.09496 5.05 
Q 69 -1.59375 -1.95069 4.95 -1.57115 -1.92014 4.95 -1.37611 -2.06441 4.95 -1.39871 -2.09496 4.95 
Q 70 -1.39717 -2.09599 5.05 -1.39717 -2.09599 4.95 -1.18906 -2.22067 4.95 -1.18906 -2.22067 5.05 
Q 70 -1.37764 -2.06339 4.95 -1.37764 -2.06339 5.05 -1.16953 -2.18807 5.05 -1.16953 -2.18807 4.95 
Q 70 -1.39717 -2.09599 5.05 -1.37764 -2.06339 5.05 -1.16953 -2.18807 5.05 -1.18906 -2.22067 5.05 
Q 70 -1.39717 -2.09599 4.95 -1.37764 -2.06339 4.95 -1.16953 -2.18807 4.95 -1.18906 -2.22067 4.95 
Q 71 -1.18744 -2.22154 5.05 -1.18744 -2.22154 4.95 -0.968219 -2.32547 4.95 -0.968219 -2.32547 5.05 
Q 71 -1.17116 -2.1872 4.95 -1.17116 -2.1872 5.05 -0.951941 -2.29113 5.05 -0.951941 -2.29113 4.95 
Q 71 -1.18744 -2.22154 5.05 -1.17116 -2.1872 5.05 -0.951941 -2.29113 5.05 -0.968219 -2.32547 5.05 
Q 71 -1.18744 -2.22154 4.95 -1.17116 -2.1872 4.95 -0.951941 -2.29113 4.95 -0.968219 -2.32547 4.95 
Q 72 -0.966517 -2.32618 5.05 -0.966517 -2.32618 4.95 -0.738259 -2.40837 4.95 -0.738259 -2.40837 5.05 
Q 72 -0.953643 -2.29042 4.95 -0.953643 -2.29042 5.05 -0.725386 -2.37261 5.05 -0.725386 -2.37261 4.95 
Q 72 -0.966517 -2.32618 5.05 -0.953643 -2.29042 5.05 -0.725386 -2.37261 5.05 -0.738259 -2.40837 5.05 
Q 72 -0.966517 -2.32618 4.95 -0.953643 -2.29042 4.95 -0.725386 -2.37261 4.95 -0.738259 -2.40837 4.95 
Q 73 -0.736496 -2.4089 5.05 -0.736496 -2.4089 4.95 -0.501347 -2.46858 4.95 -0.501347 -2.46858 5.05 
Q 73 -0.727149 -2.37207 4.95 -0.727149 -2.37207 5.05 -0.492 -2.43175 5.05 -0.492 -2.43175 4.95 
Q 73 -0.736496 -2.4089 5.05 -0.727149 -2.37207 5.05 -0.492 -2.43175 5.05 -0.501347 -2.46858 5.05 
Q 73 -0.736496 -2.4089 4.95 -0.727149 -2.37207 4.95 -0.492 -2.43175 4.95 -0.501347 -2.46858 4.95 
Q 74 -0.49954 -2.46895 5.05 -0.49954 -2.46895 4.95 -0.259714 -2.50555 4.95 -0.259714 -2.50555 5.05 
Q 74 -0.493807 -2.43138 4.95 -0.493807 -2.43138 5.05 -0.25398 -2.46799 5.05 -0.25398 -2.46799 4.95 
Q 74 -0.49954 -2.46895 5.05 -0.493807 -2.43138 5.05 -0.25398 -2.46799 5.05 -0.259714 -2.50555 5.05 
Q 74 -0.49954 -2.46895 4.95 -0.493807 -2.43138 4.95 -0.25398 -2.46799 4.95 -0.259714 -2.50555 4.95 
Q 75 -0.25788 -2.50574 5.05 -0.25788 -2.50574 4.95 -0.0156345 -2.51893 4.95 -0.0156345 -2.51893 5.05 
Q 75 -0.255814 -2.4678 4.95 -0.255814 -2.4678 5.05 -0.013569 -2.48099 5.05 -0.013569 -2.48099 4.95 
Q 75 -0.25788 -2.50574 5.05 -0.255814 -2.4678 5.05 -0.013569 -2.48099 5.05 -0.0156345 -2.51893 5.05 
Q 75 -0.25788 -2.50574 4.95 -0.255814 -2.4678 4.95 -0.013569 -2.48099 4.95 -0.0156345 -2.51893 4.95 
Q 76 -0.0137907 -2.51894 5.05 -0.0137907 -2.51894 4.95 0.228592 -2.50858 4.95 0.228592 -2.50858 5.05 
Q 76 -0.0154128 -2.48097 4.95 -0.0154128 -2.48097 5.05 0.22697 -2.47062 5.05 0.22697 -2.47062 4.95 
Q 76 -0.0137907 -2.51894 5.05 -0.0154128 -2.48097 5.05 0.22697 -2.47062 5.05 0.228592 -2.50858 5.05 
Q 76 -0.0137907 -2.51894 4.95 -0.0154128 -2.48097 4.95 0.22697 -2.47062 4.95 0.228592 -2.50858 4.95 
Q 77 0.230428 -2.50842 5.05 0.230428 -2.50842 4.95 0.470666 -2.47462 4.95 0.470666 -2.47462 5.05 
Q 77 0.225134 -2.47079 4.95 0.225134 -2.47079 5.05 0.465371 -2.43699 5.05 0.465371 -2.43699 4.95 
Q 77 0.230428 -2.50842 5.05 0.225134 -2.47079 5.05 0.465371 -2.43699 5.05 0.470666 -2.47462 5.05 
Q 77 0.230428 -2.50842 4.95 0.225134 -2.47079 4.95 0.465371 -2.43699 4.95 0.470666 -2.47462 4.95 
Q 78 0.472477 -2.47427 5.05 0.472477 -2.47427 4.95 0.708307 -2.41734 4.95 0.708307 -2.41734 5.05 
Q 78 0.46356 -2.43733 4.95 0.46356 -2.43733 5.05 0.69939 -2.3804 5.05 0.69939 -2.3804 4.95 
Q 78 0.472477 -2.47427 5.05 0.46356 -2.43733 5.05 0.69939 -2.3804 5.05 0.708307 -2.41734 5.05 
Q 78 0.472477 -2.47427 4.95 0.46356 -2.43733 4.95 0.69939 -2.3804 4.95 0.708307 -2.41734 4.95 
Q 79 0.710076 -2.41682 5.05 0.710076 -2.41682 4.95 0.939278 -2.33731 4.95 0.939278 -2.33731 5.05 
Q 79 0.697621 -2.38092 4.95 0.697621 -2.38092 5.05 0.926823 -2.30141 5.05 0.926823 -2.30141 4.95 
Q 79 0.710076 -2.41682 5.05 0.697621 -2.38092 5.05 0.926823 -2.30141 5.05 0.939278 -2.33731 5.05 
Q 79 0.710076 -2.41682 4.95 0.697621 -2.38092 4.95 0.926823 -2.30141 4.95 0.939278 -2.33731 4.95 
Q 80 0.940989 -2.33662 5.05 0.940989 -2.33662 4.95 1.1614 -2.23526 4.95 1.1614 -2.23526 5.05 
Q 80 0.925113 -2.30209 4.95 0.925113 -2.30209 5.05 1.14553 -2.20074 5.05 1.14553 -2.20074 4.95 
Q 80 0.940989 -2.33662 5.05 0.925113 -2.30209 5.05 1.14553 -2.20074 5.05 1.1614 -2.23526 5.05 
Q 80 0.940989 -2.33662 4.95 0.925113 -2.30209 4.95 1.14553 -2.20074 4.95 1.1614 -2.23526 4.95 
Q 81 1.16304 -2.23441 5.05 1.16304 -2.23441 4.95 1.37259 -2.11216 4.95 1.37259 -2.11216 5.05 
Q 81 1.14389 -2.20159 4.95 1.14389 -2.20159 5.05 1.35345 -2.07934 5.05 1.35345 -2.07934 4.95 
Q 81 1.16304 -2.23441 5.05 1.14389 -2.20159 5.05 1.35345 -2.07934 5.05 1.37259 -2.11216 5.05 
Q 81 1.16304 -2.23441 4.95 1.14389 -2.20159 4.95 1.35345 -2.07934 4.95 1.37259 -2.11216 4.95 
Q 82 1.37414 -2.11116 5.05 1.37414 -2.11116 4.95 1.57086 -1.96918 4.95 1.57086 -1.96918 5.05 
Q 82 1.3519 -2.08035 4.95 1.3519 -2.08035 5.05 1.54862 -1.93836 5.05 1.54862 -1.93836 4.95 
Q 82 1.37414 -2.11116 5.05 1.3519 -2.08035 5.05 1.54862 -1.93836 5.05 1.57086 -1.96918 5.05 
Q 82 1.37414 -2.11116 4.95 1.3519 -2.08035 4.95 1.54862 -1.93836 4.95 1.57086 -1.96918 4.95 
Q 83 1.5723 -1.96803 5.05 1.5723 -1.96803 4.95 1.75433 -1.80765 4.95 1.75433 -1.80765 5.05 
Q 83 1.54718 -1.93951 4.95 1.54718 -1.93951 5.05 1.72921 -1.77913 5.05 1.72921 -1.77913 4.95 
Q 83 1.5723 -1.96803 5.05 1.54718 -1.93951 5.05 1.72921 -1.77913 5.05 1.75433 -1.80765 5.05 
Q 83 1.5723 -1.96803 4.95 1.54718 -1.93951 4.95 1.72921 -1.77913 4.95 1.75433 -1.80765 4.95 
Q 84 1.72277 -1.84339 5 1.72277 -1.74339 5 1.72277 -1.74339 0.5 1.72277 -1.84339 0.5 
Q 84 1.76077 -1.74339 5 1.76077 -1.84339 5 1.76077 -1.84339 0.5 1.76077 -1.74339 0.5 
Q 84 1.72277 -1.84339 5 1.76077 -1.84339 5 1.76077 -1.84339 0.5 1.72277 -1.84339 0.5 
Q 84 1.72277 -1.74339 5 1.76077 -1.74339 5 1.76077 -1.74339 0.5 1.72277 -1.74339 0.5 
